electricity,irradiance_direct,irradiance_diffuse,temperature
0.788,0.78,0.261,23.565
0.779,0.738,0.291,24.325
0.759,0.687,0.313,24.662
0.47800000000000004,0.149,0.437,24.187
0.529,0.277,0.376,23.873
0.444,0.23600000000000002,0.303,23.489
0.389,0.253,0.215,22.978
0.28500000000000003,0.214,0.127,22.33
0.105,0.094,0.041,21.477
0.0,0.0,0.0,20.59
0.0,0.0,0.0,20.042
0.0,0.0,0.0,19.726
0.0,0.0,0.0,19.549
0.0,0.0,0.0,19.429
0.0,0.0,0.0,19.328
0.0,0.0,0.0,19.145
0.0,0.0,0.0,18.988
0.0,0.0,0.0,18.884
0.0,0.002,0.001,18.785
0.20500000000000002,0.195,0.049,19.076
0.451,0.41600000000000004,0.124,20.31
0.631,0.61,0.177,21.695
0.705,0.681,0.222,22.733
0.749,0.724,0.253,23.649
0.6980000000000001,0.56,0.341,24.213
0.6970000000000001,0.525,0.375,24.579
0.67,0.459,0.401,24.737
0.652,0.456,0.377,24.811
0.624,0.463,0.328,24.662
0.577,0.454,0.267,24.32
0.486,0.396,0.2,23.744
0.382,0.338,0.122,23.034
0.133,0.124,0.042,22.148
0.0,0.0,0.0,21.261
0.0,0.0,0.0,20.729
0.0,0.0,0.0,20.412
0.0,0.0,0.0,20.149
0.0,0.0,0.0,19.879
0.0,0.0,0.0,19.553
0.0,0.0,0.0,19.235
0.0,0.0,0.0,18.929
0.0,0.0,0.0,18.664
0.0,0.003,0.001,18.409
0.249,0.245,0.048,18.591
0.514,0.502,0.117,19.909
0.679,0.6970000000000001,0.162,21.728
0.749,0.779,0.195,23.287
0.785,0.8270000000000001,0.217,24.727
0.804,0.854,0.229,25.911
0.809,0.863,0.23500000000000001,26.79
0.805,0.859,0.23500000000000001,27.316
0.79,0.837,0.233,27.418
0.759,0.79,0.225,27.217
0.677,0.663,0.219,26.798000000000002
0.392,0.268,0.212,26.074
0.096,0.035,0.092,24.948
0.009000000000000001,0.006,0.016,23.553
0.0,0.0,0.0,22.462
0.0,0.0,0.0,21.799
0.0,0.0,0.0,21.341
0.0,0.0,0.0,20.928
0.0,0.0,0.0,20.589
0.0,0.0,0.0,20.305
0.0,0.0,0.0,20.047
0.0,0.0,0.0,19.734
0.0,0.0,0.0,19.366
0.0,0.002,0.001,19.013
0.188,0.179,0.047,19.135
0.496,0.47800000000000004,0.11900000000000001,20.55
0.65,0.65,0.169,22.744
0.726,0.743,0.20500000000000002,24.944
0.758,0.779,0.233,26.76
0.758,0.73,0.28600000000000003,27.561
0.679,0.484,0.404,27.424
0.687,0.503,0.395,27.017
0.659,0.468,0.384,26.5
0.59,0.389,0.358,25.881
0.456,0.253,0.306,25.077
0.357,0.213,0.218,24.164
0.213,0.134,0.124,23.137
0.064,0.052000000000000005,0.036000000000000004,22.001
0.0,0.0,0.0,20.938
0.0,0.0,0.0,20.222
0.0,0.0,0.0,19.777
0.0,0.0,0.0,19.504
0.0,0.0,0.0,19.316
0.0,0.0,0.0,19.13
0.0,0.0,0.0,18.985
0.0,0.0,0.0,18.884
0.0,0.0,0.0,18.735
0.0,0.001,0.001,18.55
0.16,0.147,0.047,18.752
0.353,0.28600000000000003,0.13,19.406
0.531,0.439,0.203,20.204
0.553,0.387,0.29,21.346
0.643,0.47100000000000003,0.337,22.449
0.546,0.20600000000000002,0.467,22.941
0.535,0.16,0.498,23.005
0.503,0.124,0.49,22.698
0.448,0.097,0.443,22.09
0.309,0.042,0.325,21.096
0.257,0.045,0.261,20.216
0.20800000000000002,0.056,0.192,19.506
0.113,0.04,0.10300000000000001,18.817
0.027,0.016,0.027,18.044
0.0,0.0,0.0,17.484
0.0,0.0,0.0,17.309
0.0,0.0,0.0,17.191
0.0,0.0,0.0,17.065
0.0,0.0,0.0,17.068
0.0,0.0,0.0,16.798000000000002
0.0,0.0,0.0,15.887
0.0,0.0,0.0,15.213
0.0,0.0,0.0,15.085
0.0,0.001,0.001,15.032
0.124,0.106,0.046,15.047
0.452,0.396,0.131,15.651
0.619,0.551,0.198,16.702
0.662,0.54,0.272,17.493
0.637,0.40900000000000003,0.371,18.067
0.615,0.302,0.448,18.471
0.652,0.334,0.47100000000000003,18.824
0.729,0.514,0.406,19.251
0.612,0.302,0.448,19.299
0.664,0.48,0.343,19.361
0.682,0.603,0.248,19.304
0.559,0.47500000000000003,0.2,18.93
0.388,0.328,0.128,18.408
0.126,0.113,0.043000000000000003,17.747
0.0,0.0,0.0,16.931
0.0,0.0,0.0,16.287
0.0,0.0,0.0,15.797
0.0,0.0,0.0,15.397
0.0,0.0,0.0,15.134
0.0,0.0,0.0,15.111
0.0,0.0,0.0,15.15
0.0,0.0,0.0,15.212
0.0,0.0,0.0,15.239
0.0,0.0,0.0,15.256
0.012,0.007,0.018000000000000002,15.278
0.068,0.016,0.074,15.418
0.234,0.074,0.199,15.965
0.361,0.117,0.304,17.124
0.323,0.049,0.329,17.978
0.279,0.018000000000000002,0.309,18.195
0.268,0.014,0.301,18.212
0.332,0.024,0.365,18.383
0.322,0.027,0.35000000000000003,18.388
0.244,0.018000000000000002,0.269,18.14
0.201,0.02,0.218,17.925
0.158,0.025,0.165,17.744
0.093,0.024,0.094,17.371
0.021,0.012,0.026000000000000002,16.79
0.0,0.0,0.0,16.324
0.0,0.0,0.0,16.177
0.0,0.0,0.0,16.11
0.0,0.0,0.0,16.086
0.0,0.0,0.0,15.919
0.0,0.0,0.0,15.832
0.0,0.0,0.0,15.739
0.0,0.0,0.0,15.628
0.0,0.0,0.0,15.534
0.0,0.001,0.0,15.522
0.126,0.108,0.047,15.635
0.324,0.23500000000000001,0.14,16.195
0.495,0.356,0.23,17.073
0.524,0.297,0.329,18.165
0.427,0.105,0.401,18.638
0.40900000000000003,0.064,0.418,18.726
0.38,0.041,0.40700000000000003,18.743
0.304,0.02,0.336,18.623
0.386,0.052000000000000005,0.403,18.831
0.315,0.04,0.329,18.809
0.28600000000000003,0.056,0.28,18.651
0.188,0.042,0.183,18.349
0.11900000000000001,0.042,0.106,17.878
0.029,0.018000000000000002,0.029,17.259
0.0,0.0,0.0,16.63
0.0,0.0,0.0,16.19
0.0,0.0,0.0,15.69
0.0,0.0,0.0,15.153
0.0,0.0,0.0,14.753
0.0,0.0,0.0,14.633
0.0,0.0,0.0,14.763
0.0,0.0,0.0,15.006
0.0,0.0,0.0,15.07
0.0,0.001,0.0,15.044
0.111,0.094,0.044,15.319
0.27,0.18,0.135,16.396
0.447,0.297,0.229,17.854
0.683,0.583,0.267,19.064
0.642,0.419,0.375,19.938
0.735,0.642,0.295,20.733
0.781,0.747,0.267,21.481
0.8190000000000001,0.864,0.218,22.194
0.8270000000000001,0.905,0.193,22.589
0.802,0.87,0.186,22.597
0.759,0.8130000000000001,0.17,22.259
0.682,0.718,0.14300000000000002,21.592
0.535,0.548,0.101,20.616
0.231,0.234,0.04,19.366
0.0,0.0,0.0,18.126
0.0,0.0,0.0,17.204
0.0,0.0,0.0,16.734
0.0,0.0,0.0,16.879
0.0,0.0,0.0,16.98
0.0,0.0,0.0,16.815
0.0,0.0,0.0,16.604
0.0,0.0,0.0,16.362
0.0,0.0,0.0,16.131
0.0,0.003,0.0,15.964
0.356,0.369,0.044,16.088
0.628,0.663,0.101,17.221
0.75,0.8130000000000001,0.139,19.352
0.802,0.884,0.165,21.376
0.8250000000000001,0.923,0.179,23.579
0.835,0.9490000000000001,0.181,24.991
0.837,0.9560000000000001,0.183,25.641
0.833,0.9500000000000001,0.183,25.858
0.8210000000000001,0.932,0.181,25.82
0.799,0.898,0.17500000000000002,25.539
0.759,0.839,0.162,24.95
0.685,0.741,0.138,24.134
0.541,0.5680000000000001,0.098,22.993
0.241,0.25,0.039,21.536
0.0,0.0,0.0,19.887
0.0,0.0,0.0,19.035
0.0,0.0,0.0,19.051
0.0,0.0,0.0,18.999
0.0,0.0,0.0,18.574
0.0,0.0,0.0,18.072
0.0,0.0,0.0,17.769
0.0,0.0,0.0,17.516
0.0,0.0,0.0,17.242
0.0,0.003,0.0,16.746
0.362,0.378,0.043000000000000003,16.472
0.613,0.646,0.101,18.257
0.728,0.783,0.14200000000000002,20.442
0.785,0.852,0.17,21.671
0.8130000000000001,0.889,0.187,22.667
0.8250000000000001,0.896,0.20500000000000002,23.316
0.8270000000000001,0.896,0.211,23.719
0.8210000000000001,0.884,0.214,23.796
0.807,0.862,0.211,23.656
0.78,0.8230000000000001,0.202,23.391
0.733,0.763,0.183,22.864
0.643,0.652,0.154,22.082
0.48,0.47200000000000003,0.107,21.025
0.179,0.177,0.039,19.825
0.0,0.0,0.0,18.791
0.0,0.0,0.0,18.201
0.0,0.0,0.0,17.82
0.0,0.0,0.0,17.549
0.0,0.0,0.0,17.385
0.0,0.0,0.0,17.383
0.0,0.0,0.0,17.397
0.0,0.0,0.0,17.33
0.0,0.0,0.0,17.147
0.0,0.002,0.0,17.095
0.194,0.188,0.042,17.441
0.44,0.404,0.117,18.998
0.674,0.686,0.159,20.428
0.765,0.806,0.184,21.652
0.799,0.852,0.203,22.897
0.809,0.856,0.222,23.973
0.8130000000000001,0.862,0.228,24.775
0.8,0.836,0.23600000000000002,25.226
0.783,0.81,0.233,25.35
0.751,0.766,0.222,25.165
0.639,0.584,0.228,24.588
0.524,0.463,0.183,23.682
0.385,0.34700000000000003,0.115,22.527
0.113,0.106,0.037,21.33
0.0,0.0,0.0,20.389
0.0,0.0,0.0,19.853
0.0,0.0,0.0,19.425
0.0,0.0,0.0,19.132
0.0,0.0,0.0,18.924
0.0,0.0,0.0,18.733
0.0,0.0,0.0,18.506
0.0,0.0,0.0,18.201
0.0,0.0,0.0,18.045
0.0,0.003,0.0,17.958
0.23600000000000002,0.23600000000000002,0.043000000000000003,18.355
0.489,0.47300000000000003,0.114,19.913
0.676,0.6930000000000001,0.159,21.651
0.747,0.779,0.192,23.148
0.785,0.8290000000000001,0.212,24.561
0.801,0.845,0.232,25.724
0.801,0.842,0.242,26.578
0.799,0.845,0.23800000000000002,27.074
0.779,0.812,0.23800000000000002,27.115
0.745,0.759,0.229,26.7
0.684,0.678,0.209,25.921
0.562,0.526,0.177,24.809
0.303,0.244,0.12,23.252
0.057,0.048,0.032,21.747
0.0,0.0,0.0,20.849
0.0,0.0,0.0,20.507
0.0,0.0,0.0,20.29
0.0,0.0,0.0,20.1
0.0,0.0,0.0,19.899
0.0,0.0,0.0,19.744
0.0,0.0,0.0,19.565
0.0,0.0,0.0,19.361
0.0,0.0,0.0,19.142
0.0,0.0,0.0,19.003
0.17500000000000002,0.17,0.041,19.307
0.385,0.338,0.121,20.805
0.47300000000000003,0.372,0.201,22.216
0.549,0.403,0.276,23.313
0.657,0.53,0.308,24.404
0.6880000000000001,0.535,0.356,25.262
0.7010000000000001,0.539,0.375,25.955
0.704,0.553,0.369,26.439
0.677,0.524,0.356,26.69
0.616,0.455,0.332,26.533
0.51,0.34800000000000003,0.28700000000000003,26.038
0.354,0.217,0.212,25.229
0.169,0.096,0.114,24.159
0.044,0.035,0.03,23.037
0.0,0.0,0.0,22.131
0.0,0.0,0.0,21.584
0.0,0.0,0.0,21.204
0.0,0.0,0.0,20.898
0.0,0.0,0.0,20.637
0.0,0.0,0.0,20.33
0.0,0.0,0.0,20.055
0.0,0.0,0.0,19.8
0.0,0.0,0.0,19.568
0.0,0.0,0.0,19.396
0.246,0.249,0.043000000000000003,19.72
0.438,0.405,0.12,21.053
0.582,0.536,0.186,22.635
0.679,0.635,0.233,23.798000000000002
0.747,0.726,0.255,24.709
0.794,0.833,0.23,25.414
0.807,0.863,0.226,25.936
0.799,0.847,0.23,26.141
0.78,0.8160000000000001,0.229,26.14
0.748,0.771,0.218,25.993
0.654,0.624,0.216,25.616
0.523,0.46900000000000003,0.18,25.002
0.367,0.329,0.114,24.117
0.108,0.10300000000000001,0.035,23.023
0.0,0.0,0.0,22.038
0.0,0.0,0.0,21.572
0.0,0.0,0.0,21.281
0.0,0.0,0.0,21.04
0.0,0.0,0.0,20.836
0.0,0.0,0.0,20.647
0.0,0.0,0.0,20.462
0.0,0.0,0.0,20.238
0.0,0.0,0.0,19.919
0.0,0.0,0.0,19.609
0.307,0.321,0.041,19.67
0.5720000000000001,0.595,0.105,20.956
0.6970000000000001,0.74,0.152,22.984
0.756,0.8130000000000001,0.184,24.948
0.784,0.851,0.20500000000000002,26.838
0.794,0.852,0.233,28.457
0.795,0.854,0.241,29.567
0.787,0.841,0.243,30.087
0.762,0.793,0.248,30.076
0.686,0.641,0.27,29.578
0.594,0.518,0.249,28.827
0.466,0.385,0.196,27.925
0.269,0.21,0.12,26.749
0.062,0.055,0.032,25.317
0.0,0.0,0.0,24.042
0.0,0.0,0.0,23.248
0.0,0.0,0.0,22.718
0.0,0.0,0.0,22.22
0.0,0.0,0.0,21.717
0.0,0.0,0.0,21.306
0.0,0.0,0.0,21.022
0.0,0.0,0.0,20.776
0.0,0.0,0.0,20.552
0.0,0.0,0.0,20.387
0.10300000000000001,0.096,0.035,20.491
0.303,0.23900000000000002,0.121,20.967
0.47400000000000003,0.371,0.202,21.609
0.5650000000000001,0.425,0.273,22.834
0.6950000000000001,0.607,0.28800000000000003,24.171
0.712,0.606,0.321,25.15
0.756,0.706,0.297,25.942
0.729,0.635,0.325,26.306
0.705,0.607,0.315,26.322
0.647,0.532,0.30000000000000004,26.075
0.5630000000000001,0.446,0.261,25.638
0.464,0.376,0.194,25.042
0.298,0.242,0.11800000000000001,24.299
0.09,0.084,0.034,23.334
0.0,0.0,0.0,22.286
0.0,0.0,0.0,21.565
0.0,0.0,0.0,21.073
0.0,0.0,0.0,20.755
0.0,0.0,0.0,20.565
0.0,0.0,0.0,20.439
0.0,0.0,0.0,20.34
0.0,0.0,0.0,20.109
0.0,0.0,0.0,19.743
0.0,0.0,0.0,19.429
0.22,0.229,0.033,19.453
0.514,0.512,0.111,21.109
0.713,0.764,0.152,22.975
0.771,0.8320000000000001,0.185,24.125
0.799,0.862,0.20700000000000002,25.074
0.8140000000000001,0.896,0.20400000000000001,25.902
0.8150000000000001,0.898,0.20800000000000002,26.527
0.808,0.889,0.209,26.935
0.788,0.856,0.209,27.102
0.763,0.8240000000000001,0.197,27.018
0.714,0.761,0.179,26.698
0.626,0.652,0.149,26.107
0.461,0.465,0.10200000000000001,25.284
0.16,0.164,0.035,24.112
0.0,0.0,0.0,22.803
0.0,0.0,0.0,21.982
0.0,0.0,0.0,21.393
0.0,0.0,0.0,20.952
0.0,0.0,0.0,20.621
0.0,0.0,0.0,20.33
0.0,0.0,0.0,19.98
0.0,0.0,0.0,19.613
0.0,0.0,0.0,19.33
0.0,0.0,0.0,19.139
0.444,0.496,0.031,19.183
0.579,0.607,0.10200000000000001,20.508
0.6960000000000001,0.74,0.149,22.992
0.747,0.8,0.184,25.409
0.774,0.839,0.20600000000000002,27.647
0.766,0.728,0.316,29.619
0.6910000000000001,0.497,0.431,30.989
0.498,0.133,0.503,31.179
0.395,0.067,0.428,30.642
0.47400000000000003,0.189,0.41300000000000003,30.493
0.513,0.34400000000000003,0.311,30.541
0.24,0.088,0.211,30.074
0.059000000000000004,0.013000000000000001,0.07200000000000001,28.668
0.007,0.004,0.015,26.514
0.0,0.0,0.0,24.768
0.0,0.0,0.0,23.274
0.0,0.0,0.0,21.873
0.0,0.0,0.0,21.045
0.0,0.0,0.0,20.186
0.0,0.0,0.0,19.514
0.0,0.0,0.0,18.678
0.0,0.0,0.0,17.727
0.0,0.0,0.0,17.064
0.0,0.0,0.0,16.744
0.006,0.005,0.012,16.386
0.062,0.014,0.069,16.402
0.155,0.029,0.158,16.69
0.212,0.026000000000000002,0.224,17.044
0.384,0.078,0.371,17.562
0.467,0.125,0.428,18.075
0.594,0.255,0.467,18.704
0.623,0.308,0.457,19.327
0.641,0.389,0.404,19.82
0.606,0.395,0.34900000000000003,20.088
0.546,0.382,0.28,20.077
0.41000000000000003,0.278,0.20800000000000002,19.741
0.23600000000000002,0.162,0.11800000000000001,19.188
0.077,0.07,0.032,18.495
0.0,0.0,0.0,17.855
0.0,0.0,0.0,17.56
0.0,0.0,0.0,17.553
0.0,0.0,0.0,17.739
0.0,0.0,0.0,17.728
0.0,0.0,0.0,17.602
0.0,0.0,0.0,17.357
0.0,0.0,0.0,17.049
0.0,0.0,0.0,16.782
0.0,0.0,0.0,16.502
0.304,0.321,0.033,16.571
0.529,0.519,0.113,17.668
0.649,0.627,0.17400000000000002,19.077
0.7030000000000001,0.653,0.231,19.805
0.713,0.608,0.293,20.326
0.782,0.758,0.254,20.857
0.795,0.779,0.257,21.239
0.789,0.77,0.257,21.414
0.784,0.782,0.23700000000000002,21.484
0.768,0.783,0.21,21.293
0.738,0.765,0.177,20.843
0.658,0.675,0.14400000000000002,20.263
0.488,0.485,0.099,19.579
0.16,0.161,0.033,18.714
0.0,0.0,0.0,17.661
0.0,0.0,0.0,16.941
0.0,0.0,0.0,16.699
0.0,0.0,0.0,16.764
0.0,0.0,0.0,16.904
0.0,0.0,0.0,16.958
0.0,0.0,0.0,17.029
0.0,0.0,0.0,17.26
0.0,0.0,0.0,17.481
0.0,0.0,0.0,17.609
0.30000000000000004,0.319,0.031,17.678
0.374,0.326,0.113,18.357
0.487,0.394,0.19,19.768
0.665,0.608,0.226,21.075
0.723,0.671,0.256,22.026
0.705,0.544,0.358,22.756
0.6940000000000001,0.485,0.403,23.153
0.672,0.434,0.42,23.242
0.684,0.506,0.367,23.263
0.5630000000000001,0.328,0.368,22.931
0.605,0.497,0.257,22.625
0.536,0.47000000000000003,0.186,22.104
0.34,0.28800000000000003,0.117,21.369
0.027,0.021,0.023,20.422
0.0,0.0,0.0,19.516
0.0,0.0,0.0,18.988
0.0,0.0,0.0,18.592
0.0,0.0,0.0,18.254
0.0,0.0,0.0,17.982
0.0,0.0,0.0,17.781
0.0,0.0,0.0,17.899
0.0,0.0,0.0,18.054
0.0,0.0,0.0,18.074
0.0,0.0,0.0,18.111
0.029,0.026000000000000002,0.021,18.294
0.091,0.034,0.083,18.788
0.222,0.079,0.185,19.205
0.429,0.21,0.30000000000000004,19.809
0.585,0.357,0.362,21.012
0.671,0.466,0.382,22.121
0.704,0.512,0.389,22.785
0.6940000000000001,0.49,0.396,22.92
0.676,0.488,0.37,22.919
0.66,0.525,0.311,22.779
0.5700000000000001,0.436,0.268,22.459
0.326,0.18,0.209,21.831
0.128,0.059000000000000004,0.101,20.976
0.025,0.02,0.022,19.991
0.0,0.0,0.0,19.091
0.0,0.0,0.0,18.714
0.0,0.0,0.0,18.621
0.0,0.0,0.0,18.56
0.0,0.0,0.0,18.457
0.0,0.0,0.0,18.346
0.0,0.0,0.0,18.23
0.0,0.0,0.0,18.086
0.0,0.0,0.0,17.915
0.0,0.0,0.0,17.794
0.114,0.114,0.029,17.799
0.28300000000000003,0.215,0.117,18.295
0.403,0.269,0.20700000000000002,19.062
0.515,0.332,0.289,20.14
0.518,0.255,0.375,21.459
0.595,0.329,0.41100000000000003,22.496
0.558,0.23,0.459,22.884
0.512,0.166,0.46,22.765
0.5700000000000001,0.28400000000000003,0.421,22.723
0.545,0.312,0.359,22.521
0.532,0.378,0.273,22.126
0.443,0.337,0.196,21.689
0.255,0.19,0.114,21.175
0.084,0.081,0.03,20.532
0.0,0.0,0.0,19.914
0.0,0.0,0.0,19.559
0.0,0.0,0.0,19.119
0.0,0.0,0.0,18.74
0.0,0.0,0.0,18.353
0.0,0.0,0.0,17.95
0.0,0.0,0.0,17.608
0.0,0.0,0.0,17.365
0.0,0.0,0.0,17.23
0.0,0.0,0.0,17.059
0.374,0.40700000000000003,0.029,17.196
0.547,0.552,0.106,18.763
0.7020000000000001,0.734,0.155,21.099
0.769,0.8180000000000001,0.189,23.336
0.795,0.849,0.214,25.214
0.796,0.8190000000000001,0.253,26.306
0.7000000000000001,0.539,0.378,26.715
0.555,0.229,0.47100000000000003,26.568
0.41100000000000003,0.09,0.41300000000000003,26.144
0.498,0.241,0.378,26.038
0.539,0.4,0.274,25.901
0.504,0.437,0.187,25.457
0.295,0.241,0.115,24.555
0.058,0.054,0.028,23.215
0.0,0.0,0.0,21.986
0.0,0.0,0.0,21.328
0.0,0.0,0.0,20.9
0.0,0.0,0.0,20.777
0.0,0.0,0.0,20.746
0.0,0.0,0.0,20.704
0.0,0.0,0.0,20.594
0.0,0.0,0.0,20.34
0.0,0.0,0.0,20.046
0.0,0.0,0.0,19.849
0.027,0.026000000000000002,0.019,19.814
0.108,0.049,0.089,20.305
0.322,0.179,0.203,20.787
0.661,0.591,0.243,22.179
0.753,0.732,0.256,24.422
0.796,0.864,0.20500000000000002,25.769
0.805,0.888,0.201,26.549
0.792,0.864,0.20600000000000002,26.99
0.764,0.811,0.213,27.162
0.737,0.783,0.198,27.215
0.6930000000000001,0.735,0.17300000000000001,27.024
0.602,0.624,0.14200000000000002,26.485
0.429,0.43,0.095,25.568
0.122,0.128,0.028,24.365
0.0,0.0,0.0,23.056
0.0,0.0,0.0,22.274
0.0,0.0,0.0,21.685
0.0,0.0,0.0,21.221
0.0,0.0,0.0,20.885
0.0,0.0,0.0,20.622
0.0,0.0,0.0,20.316
0.0,0.0,0.0,20.036
0.0,0.0,0.0,19.715
0.0,0.0,0.0,19.307
0.402,0.45,0.025,19.101
0.631,0.6900000000000001,0.091,20.283
0.741,0.8270000000000001,0.132,22.682
0.784,0.89,0.159,25.952
0.797,0.919,0.17500000000000002,29.154
0.796,0.903,0.20500000000000002,31.105
0.795,0.899,0.211,31.844
0.786,0.882,0.214,31.987
0.768,0.848,0.213,31.494
0.736,0.789,0.20700000000000002,30.27
0.633,0.611,0.212,28.561
0.524,0.488,0.169,26.747
0.296,0.251,0.108,24.894
0.042,0.04,0.023,23.256
0.0,0.0,0.0,21.974
0.0,0.0,0.0,21.074
0.0,0.0,0.0,20.555
0.0,0.0,0.0,20.192
0.0,0.0,0.0,19.921
0.0,0.0,0.0,19.635
0.0,0.0,0.0,19.441
0.0,0.0,0.0,19.273
0.0,0.0,0.0,19.187
0.0,0.0,0.0,19.208
0.105,0.108,0.025,19.409
0.255,0.196,0.107,20.024
0.403,0.28700000000000003,0.193,20.774
0.552,0.418,0.26,21.926
0.485,0.23700000000000002,0.354,22.927
0.5660000000000001,0.28600000000000003,0.417,23.608
0.601,0.313,0.442,24.187
0.5720000000000001,0.262,0.453,24.393
0.545,0.253,0.424,24.381
0.482,0.222,0.369,24.108
0.422,0.222,0.29,23.703
0.335,0.202,0.2,23.18
0.179,0.113,0.106,22.566
0.029,0.026000000000000002,0.021,21.871
0.0,0.0,0.0,21.301
0.0,0.0,0.0,21.135
0.0,0.0,0.0,21.099
0.0,0.0,0.0,21.075
0.0,0.0,0.0,20.974
0.0,0.0,0.0,20.877
0.0,0.0,0.0,20.765
0.0,0.0,0.0,20.542
0.0,0.0,0.0,20.36
0.0,0.0,0.0,20.335
0.246,0.266,0.027,20.569
0.496,0.496,0.106,21.932
0.665,0.6880000000000001,0.159,23.823
0.737,0.772,0.198,25.638
0.775,0.8230000000000001,0.221,27.348
0.788,0.838,0.24,29.045
0.786,0.838,0.248,30.629
0.775,0.8260000000000001,0.249,31.809
0.753,0.796,0.244,32.208
0.72,0.752,0.229,32.008
0.662,0.679,0.203,31.273
0.557,0.553,0.164,30.145
0.357,0.335,0.106,28.825
0.065,0.066,0.025,27.209
0.0,0.0,0.0,25.578
0.0,0.0,0.0,24.71
0.0,0.0,0.0,24.284
0.0,0.0,0.0,24.028
0.0,0.0,0.0,23.855
0.0,0.0,0.0,23.711
0.0,0.0,0.0,23.594
0.0,0.0,0.0,23.492
0.0,0.0,0.0,23.441
0.0,0.0,0.0,23.415
0.003,0.004,0.008,23.393
0.029,0.007,0.04,23.535
0.155,0.042,0.15,24.316
0.231,0.05,0.232,25.616
0.243,0.032,0.266,26.698
0.212,0.011,0.252,26.952
0.259,0.014,0.303,26.76
0.37,0.04,0.41500000000000004,27.207
0.342,0.038,0.383,27.881
0.297,0.037,0.328,28.422
0.185,0.019,0.213,28.19
0.075,0.006,0.097,27.239
0.024,0.003,0.039,26.084
0.001,0.001,0.006,24.871
0.0,0.0,0.0,23.973
0.0,0.0,0.0,23.495
0.0,0.0,0.0,23.04
0.0,0.0,0.0,22.747
0.0,0.0,0.0,22.606
0.0,0.0,0.0,22.602
0.0,0.0,0.0,22.572
0.0,0.0,0.0,22.544
0.0,0.0,0.0,22.466
0.0,0.0,0.0,22.427
0.006,0.005,0.011,22.405
0.054,0.014,0.064,22.565
0.268,0.114,0.20800000000000002,23.131
0.396,0.163,0.316,23.941
0.496,0.20400000000000001,0.40900000000000003,25.111
0.47200000000000003,0.127,0.457,26.161
0.386,0.049,0.423,26.431
0.299,0.022,0.343,26.005
0.267,0.019,0.305,25.029
0.19,0.011,0.221,23.721
0.14,0.01,0.164,22.144
0.161,0.032,0.165,21.271
0.106,0.041,0.095,20.907
0.017,0.014,0.018000000000000002,20.422
0.0,0.0,0.0,20.099
0.0,0.0,0.0,20.014
0.0,0.0,0.0,19.995
0.0,0.0,0.0,20.012
0.0,0.0,0.0,19.986
0.0,0.0,0.0,19.88
0.0,0.0,0.0,19.729
0.0,0.0,0.0,19.507
0.0,0.0,0.0,19.253
0.0,0.0,0.0,19.118
0.015,0.014,0.015,19.075
0.125,0.059000000000000004,0.096,19.245
0.234,0.085,0.193,19.765
0.304,0.079,0.281,20.35
0.429,0.125,0.389,21.008
0.546,0.252,0.41600000000000004,21.666
0.5700000000000001,0.255,0.447,22.119
0.513,0.17300000000000001,0.452,22.2
0.503,0.19,0.422,22.243
0.58,0.383,0.334,22.419
0.609,0.526,0.233,22.445
0.499,0.431,0.176,22.091
0.326,0.28400000000000003,0.10400000000000001,21.48
0.047,0.047,0.021,20.731
0.0,0.0,0.0,20.161
0.0,0.0,0.0,19.963
0.0,0.0,0.0,19.874
0.0,0.0,0.0,19.813
0.0,0.0,0.0,19.713
0.0,0.0,0.0,19.541
0.0,0.0,0.0,19.227
0.0,0.0,0.0,18.944
0.0,0.0,0.0,18.67
0.0,0.0,0.0,18.409
0.229,0.247,0.024,18.394
0.5,0.497,0.10200000000000001,19.335
0.635,0.625,0.163,20.571
0.632,0.549,0.23900000000000002,21.588
0.634,0.483,0.313,22.609
0.6990000000000001,0.597,0.301,23.685
0.713,0.615,0.31,24.623
0.78,0.811,0.23,25.523
0.785,0.853,0.2,26.116
0.754,0.811,0.19,26.184
0.6970000000000001,0.736,0.17200000000000001,25.752
0.582,0.586,0.145,24.831
0.375,0.358,0.094,23.566
0.054,0.056,0.02,22.118
0.0,0.0,0.0,21.188
0.0,0.0,0.0,20.774
0.0,0.0,0.0,20.443
0.0,0.0,0.0,20.103
0.0,0.0,0.0,19.813
0.0,0.0,0.0,19.637
0.0,0.0,0.0,19.444
0.0,0.0,0.0,19.153
0.0,0.0,0.0,18.841
0.0,0.0,0.0,18.684
0.20700000000000002,0.226,0.022,19.124
0.548,0.5730000000000001,0.093,20.39
0.714,0.775,0.137,21.884
0.778,0.855,0.167,23.45
0.804,0.891,0.185,24.962
0.8130000000000001,0.912,0.19,26.279
0.785,0.841,0.219,27.225
0.727,0.6950000000000001,0.272,27.892
0.7020000000000001,0.665,0.265,28.328
0.67,0.64,0.23900000000000002,28.48
0.612,0.587,0.203,28.341
0.604,0.641,0.135,27.955
0.41000000000000003,0.41500000000000004,0.089,27.147
0.08600000000000001,0.094,0.021,25.869
0.0,0.0,0.0,24.847
0.0,0.0,0.0,24.19
0.0,0.0,0.0,23.497
0.0,0.0,0.0,22.975
0.0,0.0,0.0,22.399
0.0,0.0,0.0,21.659
0.0,0.0,0.0,21.156
0.0,0.0,0.0,20.519
0.0,0.0,0.0,19.563
0.0,0.0,0.0,18.23
0.276,0.301,0.02,17.068
0.637,0.687,0.08700000000000001,16.768
0.769,0.84,0.128,17.137
0.8280000000000001,0.914,0.154,17.926
0.855,0.9530000000000001,0.167,18.95
0.864,0.983,0.161,20.072
0.859,0.981,0.162,21.159
0.847,0.967,0.162,22.058
0.8280000000000001,0.9400000000000001,0.161,22.65
0.797,0.893,0.157,22.912
0.746,0.8230000000000001,0.145,22.941
0.655,0.706,0.121,22.654
0.47600000000000003,0.494,0.081,22.003
0.13,0.14100000000000001,0.02,20.821
0.0,0.0,0.0,19.569
0.0,0.0,0.0,18.608
0.0,0.0,0.0,17.731
0.0,0.0,0.0,17.095
0.0,0.0,0.0,16.571
0.0,0.0,0.0,16.07
0.0,0.0,0.0,15.515
0.0,0.0,0.0,14.985
0.0,0.0,0.0,14.548
0.0,0.0,0.0,14.141
0.326,0.355,0.019,13.832
0.6890000000000001,0.757,0.081,14.643
0.801,0.893,0.11900000000000001,15.984
0.846,0.9500000000000001,0.14300000000000002,17.401
0.862,0.976,0.155,18.972
0.861,0.98,0.163,20.657
0.853,0.975,0.165,22.009
0.839,0.9550000000000001,0.167,22.945
0.8170000000000001,0.921,0.167,23.515
0.783,0.868,0.164,23.739
0.729,0.795,0.151,23.793
0.634,0.675,0.125,23.703
0.442,0.452,0.083,23.309
0.112,0.123,0.02,22.478
0.0,0.0,0.0,21.541
0.0,0.0,0.0,20.821
0.0,0.0,0.0,20.144
0.0,0.0,0.0,19.483
0.0,0.0,0.0,18.79
0.0,0.0,0.0,18.207
0.0,0.0,0.0,17.701
0.0,0.0,0.0,17.288
0.0,0.0,0.0,17.086
0.0,0.0,0.0,16.88
0.318,0.352,0.018000000000000002,16.591
0.677,0.752,0.081,17.259
0.776,0.872,0.121,19.331
0.8180000000000001,0.927,0.147,21.104
0.836,0.9510000000000001,0.162,22.478
0.837,0.9520000000000001,0.17300000000000001,23.778
0.8310000000000001,0.9460000000000001,0.177,24.969
0.8180000000000001,0.929,0.178,25.886
0.797,0.897,0.177,26.343
0.766,0.851,0.171,26.249
0.715,0.778,0.156,25.529
0.62,0.655,0.129,24.307
0.427,0.432,0.084,22.953
0.094,0.10400000000000001,0.019,21.62
0.0,0.0,0.0,20.626
0.0,0.0,0.0,19.966
0.0,0.0,0.0,19.3
0.0,0.0,0.0,18.753
0.0,0.0,0.0,18.428
0.0,0.0,0.0,18.204
0.0,0.0,0.0,18.036
0.0,0.0,0.0,17.93
0.0,0.0,0.0,17.825
0.0,0.0,0.0,17.801
0.215,0.23600000000000002,0.019,18.055
0.5690000000000001,0.604,0.08700000000000001,19.262
0.715,0.779,0.132,21.457
0.774,0.851,0.162,23.014
0.8,0.887,0.18,24.504
0.806,0.881,0.20400000000000001,25.878
0.804,0.883,0.20800000000000002,26.974
0.793,0.868,0.209,27.788
0.772,0.839,0.20600000000000002,28.162
0.738,0.791,0.195,28.021
0.679,0.712,0.176,27.376
0.5720000000000001,0.58,0.14300000000000002,26.353
0.364,0.35100000000000003,0.09,24.999
0.063,0.07,0.018000000000000002,23.396
0.0,0.0,0.0,22.335
0.0,0.0,0.0,21.909
0.0,0.0,0.0,21.697
0.0,0.0,0.0,21.434
0.0,0.0,0.0,21.076
0.0,0.0,0.0,20.751
0.0,0.0,0.0,20.43
0.0,0.0,0.0,20.177
0.0,0.0,0.0,20.017
0.0,0.0,0.0,19.849
0.106,0.117,0.018000000000000002,19.791
0.325,0.29,0.096,20.862
0.448,0.364,0.17500000000000002,21.726
0.624,0.561,0.222,23.033
0.5690000000000001,0.395,0.315,24.197
0.464,0.134,0.434,24.465
0.518,0.163,0.47600000000000003,24.326
0.487,0.127,0.47000000000000003,24.079
0.41400000000000003,0.085,0.41600000000000004,23.503
0.361,0.08,0.353,22.936
0.277,0.067,0.265,22.366
0.181,0.051000000000000004,0.169,21.716
0.08,0.029,0.077,20.952
0.007,0.008,0.011,20.06
0.0,0.0,0.0,19.472
0.0,0.0,0.0,19.344
0.0,0.0,0.0,19.241
0.0,0.0,0.0,19.241
0.0,0.0,0.0,19.212
0.0,0.0,0.0,19.169
0.0,0.0,0.0,19.172
0.0,0.0,0.0,19.203
0.0,0.0,0.0,19.216
0.0,0.0,0.0,19.197
0.019,0.02,0.014,19.235
0.124,0.068,0.08600000000000001,19.576
0.247,0.109,0.185,20.012
0.433,0.225,0.292,20.639
0.539,0.28800000000000003,0.372,21.802
0.5720000000000001,0.262,0.446,22.456
0.548,0.188,0.486,22.551
0.521,0.153,0.484,22.401
0.487,0.14300000000000002,0.449,22.176
0.424,0.129,0.381,21.907
0.297,0.077,0.276,21.478
0.194,0.058,0.176,21.004
0.09,0.035,0.082,20.408
0.018000000000000002,0.02,0.013000000000000001,19.592
0.0,0.0,0.0,19.225
0.0,0.0,0.0,19.318
0.0,0.0,0.0,19.445
0.0,0.0,0.0,19.552
0.0,0.0,0.0,19.607
0.0,0.0,0.0,19.599
0.0,0.0,0.0,19.631
0.0,0.0,0.0,19.633
0.0,0.0,0.0,19.695
0.0,0.0,0.0,19.668
0.002,0.003,0.006,19.71
0.04,0.011,0.049,19.987
0.11,0.019,0.12,20.301
0.176,0.022,0.192,20.678
0.241,0.025,0.263,20.9
0.259,0.02,0.289,21.085
0.29,0.021,0.323,21.251
0.221,0.01,0.254,21.113
0.145,0.005,0.17400000000000002,20.802
0.126,0.005,0.152,20.668
0.113,0.007,0.136,20.686
0.09,0.01,0.107,20.659
0.041,0.009000000000000001,0.052000000000000005,20.469
0.008,0.009000000000000001,0.01,20.126
0.0,0.0,0.0,19.963
0.0,0.0,0.0,19.945
0.0,0.0,0.0,19.943
0.0,0.0,0.0,19.901
0.0,0.0,0.0,19.791
0.0,0.0,0.0,19.624
0.0,0.0,0.0,19.452
0.0,0.0,0.0,19.411
0.0,0.0,0.0,19.33
0.0,0.0,0.0,19.347
0.097,0.106,0.018000000000000002,19.513
0.41300000000000003,0.388,0.10400000000000001,20.235
0.596,0.556,0.179,21.027
0.715,0.686,0.229,22.011
0.766,0.74,0.265,23.72
0.796,0.855,0.20700000000000002,24.98
0.794,0.854,0.213,25.938
0.785,0.843,0.213,26.639
0.774,0.839,0.2,26.922
0.739,0.789,0.19,26.721
0.657,0.668,0.18,26.172
0.47900000000000004,0.434,0.156,25.479
0.27,0.23800000000000002,0.089,24.679
0.057,0.069,0.013000000000000001,23.622
0.0,0.0,0.0,22.827
0.0,0.0,0.0,22.256
0.0,0.0,0.0,21.815
0.0,0.0,0.0,21.363
0.0,0.0,0.0,20.871
0.0,0.0,0.0,20.456
0.0,0.0,0.0,20.144
0.0,0.0,0.0,19.809
0.0,0.0,0.0,19.591
0.0,0.0,0.0,19.354
0.155,0.17300000000000001,0.015,19.152
0.539,0.5670000000000001,0.085,19.829
0.685,0.729,0.136,21.478
0.761,0.8290000000000001,0.167,23.62
0.789,0.868,0.187,25.61
0.795,0.88,0.197,27.183
0.792,0.878,0.202,28.408
0.78,0.864,0.203,29.267
0.758,0.8300000000000001,0.2,29.645
0.722,0.777,0.192,29.447
0.659,0.6930000000000001,0.17200000000000001,28.989
0.542,0.549,0.139,28.247
0.2,0.161,0.08700000000000001,27.213
0.067,0.08,0.012,26.061
0.0,0.0,0.0,25.296
0.0,0.0,0.0,24.621
0.0,0.0,0.0,24.186
0.0,0.0,0.0,23.776
0.0,0.0,0.0,23.502
0.0,0.0,0.0,23.478
0.0,0.0,0.0,23.356
0.0,0.0,0.0,22.784
0.0,0.0,0.0,22.131
0.0,0.0,0.0,21.096
0.185,0.209,0.015,20.325
0.604,0.665,0.08,20.681
0.723,0.799,0.127,22.055
0.778,0.86,0.16,22.934
0.805,0.887,0.18,23.297
0.795,0.8150000000000001,0.23700000000000002,23.559
0.773,0.745,0.272,23.693
0.731,0.638,0.31,23.754
0.597,0.367,0.379,23.564
0.5730000000000001,0.393,0.319,23.336
0.557,0.451,0.23700000000000002,23.053
0.451,0.376,0.169,22.6
0.199,0.15,0.09,21.867
0.018000000000000002,0.024,0.01,20.962
0.0,0.0,0.0,20.286
0.0,0.0,0.0,19.949
0.0,0.0,0.0,19.7
0.0,0.0,0.0,19.522
0.0,0.0,0.0,19.307
0.0,0.0,0.0,19.076
0.0,0.0,0.0,18.784
0.0,0.0,0.0,18.468
0.0,0.0,0.0,18.177
0.0,0.0,0.0,17.829
0.024,0.029,0.012,17.478
0.197,0.147,0.08700000000000001,17.518
0.34900000000000003,0.23,0.178,18.07
0.449,0.267,0.265,18.718
0.668,0.543,0.28700000000000003,19.495
0.668,0.45,0.383,20.196
0.639,0.354,0.44,20.598
0.545,0.196,0.467,20.636
0.47900000000000004,0.145,0.43,20.55
0.426,0.14100000000000001,0.367,20.505
0.319,0.10300000000000001,0.274,20.326
0.34700000000000003,0.22,0.191,20.187
0.091,0.041,0.077,19.747
0.005,0.007,0.007,19.215
0.0,0.0,0.0,18.862
0.0,0.0,0.0,18.809
0.0,0.0,0.0,18.827
0.0,0.0,0.0,18.771
0.0,0.0,0.0,18.475
0.0,0.0,0.0,18.143
0.0,0.0,0.0,17.928
0.0,0.0,0.0,17.648
0.0,0.0,0.0,17.25
0.0,0.0,0.0,16.827
0.002,0.004,0.006,16.61
0.061,0.024,0.059000000000000004,16.66
0.17500000000000002,0.056,0.153,16.958
0.311,0.101,0.263,17.834
0.433,0.152,0.361,18.791
0.527,0.227,0.40800000000000003,19.552
0.595,0.30000000000000004,0.43,20.251
0.606,0.323,0.424,20.817
0.49,0.179,0.41200000000000003,21.0
0.436,0.17,0.35100000000000003,20.928
0.381,0.182,0.271,20.753
0.268,0.14,0.178,20.441
0.112,0.062,0.079,19.916
0.015,0.02,0.009000000000000001,19.097
0.0,0.0,0.0,18.401
0.0,0.0,0.0,18.207
0.0,0.0,0.0,18.205
0.0,0.0,0.0,18.215
0.0,0.0,0.0,18.176
0.0,0.0,0.0,18.171
0.0,0.0,0.0,18.219
0.0,0.0,0.0,18.193
0.0,0.0,0.0,18.102
0.0,0.0,0.0,18.071
0.081,0.092,0.013000000000000001,18.142
0.423,0.40900000000000003,0.09,18.518
0.606,0.586,0.157,19.596
0.72,0.715,0.2,20.964
0.756,0.745,0.23600000000000002,22.36
0.79,0.8310000000000001,0.212,23.469
0.799,0.854,0.21,24.356
0.792,0.849,0.20700000000000002,24.979
0.73,0.717,0.23800000000000002,25.231
0.625,0.533,0.26,25.145
0.671,0.6910000000000001,0.17,24.86
0.5650000000000001,0.5710000000000001,0.133,24.212
0.356,0.34900000000000003,0.079,23.212
0.059000000000000004,0.073,0.01,22.001
0.0,0.0,0.0,21.139
0.0,0.0,0.0,20.603
0.0,0.0,0.0,20.167
0.0,0.0,0.0,19.801
0.0,0.0,0.0,19.466
0.0,0.0,0.0,19.17
0.0,0.0,0.0,18.896
0.0,0.0,0.0,18.594
0.0,0.0,0.0,18.356
0.0,0.0,0.0,18.018
0.116,0.132,0.012,17.676
0.555,0.59,0.079,18.682
0.7010000000000001,0.757,0.129,20.807
0.765,0.837,0.162,23.124
0.792,0.875,0.182,25.079
0.799,0.872,0.20800000000000002,26.798000000000002
0.796,0.87,0.214,28.009
0.785,0.853,0.216,28.591
0.762,0.8180000000000001,0.213,28.7
0.715,0.744,0.20800000000000002,28.411
0.577,0.523,0.212,27.736
0.161,0.056,0.146,26.483
0.034,0.011,0.043000000000000003,25.049
0.001,0.004,0.005,23.899
0.0,0.0,0.0,23.102
0.0,0.0,0.0,22.455
0.0,0.0,0.0,21.918
0.0,0.0,0.0,21.413
0.0,0.0,0.0,20.83
0.0,0.0,0.0,20.285
0.0,0.0,0.0,19.819
0.0,0.0,0.0,19.415
0.0,0.0,0.0,19.016
0.0,0.0,0.0,18.698
0.081,0.094,0.012,18.561
0.491,0.505,0.083,19.467
0.661,0.6900000000000001,0.139,21.485
0.735,0.779,0.178,23.926
0.768,0.8200000000000001,0.20400000000000001,26.041
0.787,0.867,0.202,27.877
0.783,0.861,0.21,29.212
0.771,0.842,0.212,29.867
0.748,0.806,0.21,29.791
0.712,0.753,0.198,29.308
0.644,0.664,0.176,28.527
0.505,0.49,0.14300000000000002,27.331
0.278,0.258,0.08,25.855
0.029,0.039,0.008,24.282
0.0,0.0,0.0,23.113
0.0,0.0,0.0,22.509
0.0,0.0,0.0,22.166
0.0,0.0,0.0,21.885
0.0,0.0,0.0,21.639
0.0,0.0,0.0,21.415
0.0,0.0,0.0,21.242
0.0,0.0,0.0,21.071
0.0,0.0,0.0,20.678
0.0,0.0,0.0,20.331
0.077,0.092,0.011,20.066
0.487,0.507,0.08,20.711
0.609,0.618,0.14200000000000002,22.614
0.61,0.561,0.21,24.865
0.672,0.626,0.247,26.805
0.766,0.8180000000000001,0.22,28.948
0.771,0.842,0.219,30.897
0.752,0.8130000000000001,0.225,32.294
0.722,0.766,0.226,32.931
0.679,0.705,0.214,32.975
0.626,0.651,0.18,32.469
0.44,0.404,0.153,31.206
0.16,0.125,0.078,29.44
0.007,0.012,0.006,27.892
0.0,0.0,0.0,26.709
0.0,0.0,0.0,24.651
0.0,0.0,0.0,22.699
0.0,0.0,0.0,21.249
0.0,0.0,0.0,20.305
0.0,0.0,0.0,19.513
0.0,0.0,0.0,19.122
0.0,0.0,0.0,18.998
0.0,0.0,0.0,18.996
0.0,0.0,0.0,18.966
0.049,0.06,0.01,18.962
0.429,0.429,0.081,19.626
0.636,0.653,0.139,21.09
0.682,0.673,0.192,22.333
0.685,0.625,0.249,23.274
0.789,0.836,0.21,24.191
0.802,0.868,0.20500000000000002,24.956
0.78,0.8220000000000001,0.217,25.494
0.76,0.798,0.21,25.833
0.711,0.727,0.203,25.864
0.586,0.54,0.199,25.465
0.522,0.51,0.137,24.772
0.307,0.293,0.076,23.841
0.028,0.039,0.007,22.796
0.0,0.0,0.0,21.999
0.0,0.0,0.0,21.473
0.0,0.0,0.0,21.079
0.0,0.0,0.0,20.721
0.0,0.0,0.0,20.438
0.0,0.0,0.0,20.27
0.0,0.0,0.0,20.161
0.0,0.0,0.0,20.102
0.0,0.0,0.0,20.046
0.0,0.0,0.0,20.023
0.053,0.066,0.009000000000000001,20.333
0.445,0.456,0.078,21.565
0.643,0.678,0.133,23.142
0.726,0.78,0.17,25.286
0.763,0.8290000000000001,0.192,27.002
0.778,0.851,0.20600000000000002,28.545
0.777,0.852,0.212,29.799
0.766,0.836,0.214,30.481
0.744,0.803,0.21,30.643
0.705,0.748,0.199,30.413
0.637,0.659,0.176,29.795
0.51,0.507,0.138,28.795
0.271,0.256,0.076,27.386
0.02,0.03,0.007,25.768
0.0,0.0,0.0,24.636
0.0,0.0,0.0,23.982
0.0,0.0,0.0,23.471
0.0,0.0,0.0,22.909
0.0,0.0,0.0,22.437
0.0,0.0,0.0,22.11
0.0,0.0,0.0,21.838
0.0,0.0,0.0,21.561
0.0,0.0,0.0,21.565
0.0,0.0,0.0,21.611
0.029,0.039,0.008,21.611
0.28400000000000003,0.261,0.078,22.203
0.483,0.437,0.154,23.862
0.652,0.64,0.195,25.218
0.736,0.762,0.21,26.265
0.755,0.733,0.275,27.0
0.757,0.72,0.294,27.422
0.73,0.653,0.317,27.447
0.674,0.546,0.331,26.906
0.556,0.367,0.331,25.892
0.308,0.111,0.261,24.328
0.146,0.041,0.14100000000000001,22.841
0.04,0.013000000000000001,0.047,21.607
0.0,0.001,0.003,20.462
0.0,0.0,0.0,19.763
0.0,0.0,0.0,19.575
0.0,0.0,0.0,19.602
0.0,0.0,0.0,19.646
0.0,0.0,0.0,19.641
0.0,0.0,0.0,19.471
0.0,0.0,0.0,19.021
0.0,0.0,0.0,18.741
0.0,0.0,0.0,18.515
0.0,0.0,0.0,18.363
0.0,0.001,0.003,18.268
0.034,0.013000000000000001,0.04,18.309
0.167,0.058,0.14300000000000002,18.607
0.373,0.176,0.264,19.502
0.289,0.052000000000000005,0.29,20.006
0.308,0.037,0.327,20.058
0.326,0.035,0.35000000000000003,20.088
0.382,0.057,0.396,20.25
0.343,0.049,0.356,20.307
0.294,0.048,0.30000000000000004,20.35
0.242,0.053,0.234,20.376
0.252,0.125,0.17400000000000002,20.386
0.148,0.10200000000000001,0.079,20.132
0.003,0.007,0.005,19.702
0.0,0.0,0.0,19.497
0.0,0.0,0.0,19.3
0.0,0.0,0.0,19.187
0.0,0.0,0.0,19.085
0.0,0.0,0.0,18.845
0.0,0.0,0.0,18.674
0.0,0.0,0.0,18.55
0.0,0.0,0.0,18.564
0.0,0.0,0.0,18.517
0.0,0.0,0.0,18.535
0.012,0.017,0.007,18.539
0.097,0.058,0.066,19.133
0.357,0.246,0.177,20.394
0.314,0.115,0.258,20.983
0.512,0.27,0.353,21.5
0.592,0.362,0.371,21.992
0.602,0.34500000000000003,0.404,22.411
0.602,0.34800000000000003,0.403,22.707
0.658,0.509,0.325,23.035
0.496,0.275,0.33,22.944
0.386,0.20700000000000002,0.256,22.606
0.184,0.074,0.15,22.036
0.058,0.027,0.055,21.421
0.002,0.005,0.004,20.822
0.0,0.0,0.0,20.28
0.0,0.0,0.0,19.707
0.0,0.0,0.0,19.248
0.0,0.0,0.0,18.965
0.0,0.0,0.0,18.864
0.0,0.0,0.0,18.876
0.0,0.0,0.0,18.906
0.0,0.0,0.0,18.837
0.0,0.0,0.0,18.63
0.0,0.0,0.0,18.431
0.032,0.043000000000000003,0.008,18.276
0.391,0.383,0.078,18.95
0.587,0.5750000000000001,0.147,21.018
0.728,0.752,0.183,22.228
0.733,0.713,0.234,23.003
0.796,0.859,0.197,23.823
0.797,0.857,0.203,24.343
0.788,0.843,0.20400000000000001,24.609
0.77,0.8220000000000001,0.196,24.704
0.72,0.744,0.192,24.58
0.644,0.648,0.171,24.24
0.544,0.547,0.126,23.643
0.303,0.294,0.069,22.763
0.017,0.027,0.005,21.699
0.0,0.0,0.0,20.868
0.0,0.0,0.0,20.269
0.0,0.0,0.0,19.834
0.0,0.0,0.0,19.441
0.0,0.0,0.0,19.056
0.0,0.0,0.0,18.675
0.0,0.0,0.0,18.244
0.0,0.0,0.0,17.785
0.0,0.0,0.0,17.437
0.0,0.0,0.0,17.16
0.048,0.062,0.007,16.949
0.497,0.52,0.07,17.46
0.6960000000000001,0.748,0.121,18.856
0.764,0.8300000000000001,0.155,21.136
0.793,0.866,0.177,22.847
0.807,0.888,0.188,24.124
0.811,0.901,0.189,25.174
0.802,0.893,0.187,25.923000000000002
0.782,0.865,0.183,26.242
0.746,0.8140000000000001,0.17400000000000002,26.234
0.681,0.729,0.155,25.953
0.5660000000000001,0.589,0.121,25.328
0.326,0.327,0.067,24.271
0.016,0.026000000000000002,0.005,23.05
0.0,0.0,0.0,22.267
0.0,0.0,0.0,21.854
0.0,0.0,0.0,21.491
0.0,0.0,0.0,21.14
0.0,0.0,0.0,20.744
0.0,0.0,0.0,20.253
0.0,0.0,0.0,19.804
0.0,0.0,0.0,19.51
0.0,0.0,0.0,19.455
0.0,0.0,0.0,19.398
0.007,0.014,0.005,19.326
0.29,0.271,0.07100000000000001,19.705
0.595,0.601,0.133,21.297
0.749,0.8220000000000001,0.156,23.937
0.78,0.868,0.177,26.435
0.783,0.861,0.20500000000000002,28.527
0.778,0.855,0.214,30.121
0.762,0.8270000000000001,0.22,31.153
0.732,0.779,0.22,31.614
0.682,0.706,0.211,31.615
0.579,0.561,0.194,31.345
0.397,0.34800000000000003,0.15,30.832
0.07200000000000001,0.044,0.057,29.807
0.0,0.002,0.002,28.248
0.0,0.0,0.0,27.129
0.0,0.0,0.0,26.221
0.0,0.0,0.0,25.842
0.0,0.0,0.0,24.425
0.0,0.0,0.0,23.95
0.0,0.0,0.0,22.866
0.0,0.0,0.0,21.907
0.0,0.0,0.0,21.315
0.0,0.0,0.0,20.897
0.0,0.0,0.0,20.499
0.011,0.019,0.005,20.115
0.341,0.331,0.07200000000000001,20.299
0.517,0.482,0.146,21.203
0.536,0.433,0.224,22.273
0.607,0.483,0.278,23.389
0.547,0.314,0.365,23.974
0.684,0.56,0.32,24.365
0.73,0.679,0.274,24.676
0.731,0.711,0.243,24.68
0.71,0.71,0.209,24.432
0.597,0.553,0.195,23.836
0.358,0.275,0.154,22.891
0.131,0.098,0.065,21.868
0.002,0.007,0.003,20.923000000000002
0.0,0.0,0.0,20.259
0.0,0.0,0.0,19.822
0.0,0.0,0.0,19.434
0.0,0.0,0.0,19.089
0.0,0.0,0.0,18.856
0.0,0.0,0.0,18.765
0.0,0.0,0.0,18.689
0.0,0.0,0.0,18.688
0.0,0.0,0.0,18.736
0.0,0.0,0.0,18.793
0.014,0.023,0.005,18.834
0.316,0.30000000000000004,0.07100000000000001,19.266
0.486,0.436,0.148,20.309
0.646,0.61,0.197,21.378
0.734,0.731,0.218,22.829
0.7000000000000001,0.59,0.312,24.106
0.706,0.582,0.335,25.14
0.544,0.25,0.43,25.479
0.52,0.249,0.398,25.494
0.41400000000000003,0.167,0.339,25.093
0.356,0.17400000000000002,0.256,24.46
0.256,0.147,0.162,23.861
0.101,0.067,0.064,23.245
0.002,0.007,0.003,22.521
0.0,0.0,0.0,22.028
0.0,0.0,0.0,21.795
0.0,0.0,0.0,21.655
0.0,0.0,0.0,21.567
0.0,0.0,0.0,21.466
0.0,0.0,0.0,21.29
0.0,0.0,0.0,21.013
0.0,0.0,0.0,20.689
0.0,0.0,0.0,20.439
0.0,0.0,0.0,20.181
0.002,0.006,0.004,20.046
0.085,0.055,0.056,20.464
0.184,0.08,0.14300000000000002,21.589
0.183,0.036000000000000004,0.188,22.44
0.298,0.065,0.291,22.319
0.356,0.077,0.34700000000000003,21.808
0.47900000000000004,0.164,0.41500000000000004,21.667
0.539,0.245,0.41400000000000003,22.0
0.5,0.223,0.385,22.227
0.495,0.28200000000000003,0.319,22.307
0.515,0.403,0.226,22.305
0.40800000000000003,0.339,0.15,21.969
0.201,0.17400000000000002,0.068,21.369
0.001,0.006,0.003,20.638
0.0,0.0,0.0,20.107
0.0,0.0,0.0,19.754
0.0,0.0,0.0,19.442
0.0,0.0,0.0,19.168
0.0,0.0,0.0,18.983
0.0,0.0,0.0,18.816
0.0,0.0,0.0,18.643
0.0,0.0,0.0,18.43
0.0,0.0,0.0,18.258
0.0,0.0,0.0,18.177
0.011,0.019,0.004,18.143
0.305,0.28800000000000003,0.07,18.905
0.507,0.463,0.148,20.006
0.639,0.591,0.203,20.887
0.711,0.672,0.23800000000000002,22.418
0.721,0.657,0.275,23.573
0.734,0.672,0.28600000000000003,24.469
0.736,0.6900000000000001,0.276,25.158
0.6990000000000001,0.634,0.274,25.567
0.527,0.35100000000000003,0.305,25.419
0.456,0.325,0.23500000000000001,25.003
0.41300000000000003,0.354,0.147,24.328
0.195,0.17200000000000001,0.066,23.26
0.001,0.006,0.002,22.111
0.0,0.0,0.0,21.429
0.0,0.0,0.0,21.044
0.0,0.0,0.0,20.75
0.0,0.0,0.0,20.367
0.0,0.0,0.0,20.012
0.0,0.0,0.0,19.891
0.0,0.0,0.0,19.861
0.0,0.0,0.0,19.727
0.0,0.0,0.0,19.584
0.0,0.0,0.0,19.492
0.001,0.005,0.003,19.468
0.11,0.082,0.057,19.948
0.219,0.11800000000000001,0.14400000000000002,20.479
0.326,0.151,0.23600000000000002,20.927
0.422,0.188,0.318,21.59
0.453,0.164,0.384,22.326
0.47400000000000003,0.158,0.417,22.388
0.463,0.14400000000000002,0.41500000000000004,22.255
0.444,0.15,0.385,22.128
0.41600000000000004,0.17200000000000001,0.327,21.947
0.36,0.184,0.246,21.687
0.24,0.134,0.153,21.239
0.08600000000000001,0.056,0.056,20.581
0.0,0.002,0.002,19.809
0.0,0.0,0.0,19.411
0.0,0.0,0.0,19.224
0.0,0.0,0.0,19.135
0.0,0.0,0.0,19.108
0.0,0.0,0.0,19.077
0.0,0.0,0.0,19.008
0.0,0.0,0.0,19.012
0.0,0.0,0.0,18.99
0.0,0.0,0.0,18.933
0.0,0.0,0.0,18.84
0.008,0.015,0.004,18.76
0.331,0.322,0.068,19.474
0.533,0.506,0.14400000000000002,21.229
0.652,0.622,0.199,22.438
0.721,0.6980000000000001,0.233,23.519
0.667,0.539,0.313,24.202
0.736,0.679,0.28500000000000003,24.913
0.612,0.397,0.379,25.078
0.6000000000000001,0.41200000000000003,0.34600000000000003,25.025
0.508,0.315,0.312,24.778
0.331,0.158,0.242,24.253
0.162,0.066,0.135,23.495
0.055,0.031,0.048,22.637
0.0,0.002,0.001,21.846
0.0,0.0,0.0,21.339
0.0,0.0,0.0,20.961
0.0,0.0,0.0,20.703
0.0,0.0,0.0,20.551
0.0,0.0,0.0,20.454
0.0,0.0,0.0,20.361
0.0,0.0,0.0,20.189
0.0,0.0,0.0,19.88
0.0,0.0,0.0,19.509
0.0,0.0,0.0,19.186
0.007,0.014,0.003,18.912
0.326,0.317,0.066,19.235
0.502,0.462,0.14400000000000002,20.75
0.332,0.16,0.23700000000000002,22.351
0.395,0.161,0.316,23.707
0.648,0.527,0.302,25.322
0.774,0.8160000000000001,0.223,26.871
0.759,0.794,0.227,28.007
0.6950000000000001,0.669,0.251,28.651
0.62,0.562,0.243,28.888
0.392,0.255,0.231,28.524
0.188,0.097,0.137,27.493
0.066,0.044,0.049,26.102
0.0,0.002,0.001,24.606
0.0,0.0,0.0,23.472
0.0,0.0,0.0,22.779
0.0,0.0,0.0,22.422
0.0,0.0,0.0,22.52
0.0,0.0,0.0,22.316
0.0,0.0,0.0,21.969
0.0,0.0,0.0,21.307
0.0,0.0,0.0,20.896
0.0,0.0,0.0,20.685
0.0,0.0,0.0,20.684
0.004,0.011,0.003,20.549
0.371,0.378,0.063,20.88
0.605,0.628,0.126,22.544
0.711,0.76,0.165,25.111
0.755,0.8220000000000001,0.189,27.537
0.774,0.868,0.186,29.199
0.771,0.862,0.194,30.196
0.761,0.848,0.195,30.896
0.74,0.8200000000000001,0.19,31.217
0.7010000000000001,0.766,0.179,31.191
0.633,0.68,0.155,30.952
0.509,0.532,0.116,30.161
0.257,0.262,0.056,28.708
0.001,0.005,0.001,26.549
0.0,0.0,0.0,24.874
0.0,0.0,0.0,23.92
0.0,0.0,0.0,23.552
0.0,0.0,0.0,22.96
0.0,0.0,0.0,22.051
0.0,0.0,0.0,21.239
0.0,0.0,0.0,21.375
0.0,0.0,0.0,21.05
0.0,0.0,0.0,20.576
0.0,0.0,0.0,20.456
0.008,0.017,0.003,20.264
0.489,0.531,0.057,20.447
0.672,0.737,0.111,21.789
0.75,0.834,0.145,23.829
0.786,0.883,0.165,25.319
0.802,0.915,0.169,26.504
0.803,0.922,0.171,27.524
0.794,0.912,0.17,28.254
0.775,0.885,0.167,28.55
0.743,0.84,0.157,28.447
0.685,0.764,0.137,28.082
0.5710000000000001,0.62,0.10400000000000001,27.37
0.315,0.332,0.052000000000000005,26.024
0.001,0.006,0.001,23.96
0.0,0.0,0.0,22.379
0.0,0.0,0.0,21.461
0.0,0.0,0.0,20.727
0.0,0.0,0.0,19.924
0.0,0.0,0.0,18.875
0.0,0.0,0.0,17.925
0.0,0.0,0.0,17.405
0.0,0.0,0.0,17.466
0.0,0.0,0.0,17.947
0.0,0.0,0.0,18.365
0.013000000000000001,0.025,0.002,18.374
0.5730000000000001,0.638,0.053,18.27
0.726,0.8130000000000001,0.10200000000000001,19.299
0.785,0.885,0.134,21.23
0.798,0.891,0.16,22.675
0.779,0.8270000000000001,0.201,23.908
0.679,0.583,0.292,24.848
0.485,0.215,0.383,25.088
0.539,0.336,0.335,25.24
0.683,0.68,0.203,25.435
0.668,0.708,0.151,25.356
0.541,0.56,0.113,24.765
0.273,0.276,0.053,23.666
0.0,0.004,0.001,22.033
0.0,0.0,0.0,20.782
0.0,0.0,0.0,20.029
0.0,0.0,0.0,19.403
0.0,0.0,0.0,18.826
0.0,0.0,0.0,18.238
0.0,0.0,0.0,17.715
0.0,0.0,0.0,17.192
0.0,0.0,0.0,16.807
0.0,0.0,0.0,16.468
0.0,0.0,0.0,16.049
0.008,0.017,0.002,15.607
0.517,0.554,0.055,15.778
0.6970000000000001,0.754,0.109,17.448
0.774,0.846,0.14400000000000002,19.277
0.81,0.89,0.166,20.455
0.8260000000000001,0.923,0.167,21.576999999999998
0.8240000000000001,0.924,0.171,22.772
0.812,0.91,0.17200000000000001,23.868
0.789,0.88,0.169,24.614
0.751,0.8270000000000001,0.16,24.748
0.686,0.741,0.14100000000000001,24.403
0.557,0.584,0.107,23.557
0.28,0.28400000000000003,0.051000000000000004,22.084
0.0,0.003,0.001,20.163
0.0,0.0,0.0,18.852
0.0,0.0,0.0,18.096
0.0,0.0,0.0,17.551
0.0,0.0,0.0,17.738
0.0,0.0,0.0,18.13
0.0,0.0,0.0,18.238
0.0,0.0,0.0,17.989
0.0,0.0,0.0,17.586
0.0,0.0,0.0,17.1
0.0,0.0,0.0,16.675
0.006,0.014,0.002,16.333
0.502,0.54,0.053,16.466
0.6880000000000001,0.748,0.105,18.056
0.763,0.841,0.139,20.551
0.795,0.884,0.16,22.462
0.805,0.892,0.178,23.846
0.803,0.891,0.184,24.955
0.791,0.873,0.186,25.716
0.767,0.837,0.184,26.03
0.724,0.777,0.17400000000000002,25.982
0.647,0.677,0.153,25.595
0.502,0.505,0.114,24.707
0.218,0.213,0.051000000000000004,23.454
0.0,0.002,0.001,22.292
0.0,0.0,0.0,21.692
0.0,0.0,0.0,21.395
0.0,0.0,0.0,21.159
0.0,0.0,0.0,20.927
0.0,0.0,0.0,20.67
0.0,0.0,0.0,20.368
0.0,0.0,0.0,19.933
0.0,0.0,0.0,19.496
0.0,0.0,0.0,19.105
0.0,0.0,0.0,18.751
0.001,0.007,0.001,18.501
0.34500000000000003,0.352,0.054,18.776
0.619,0.652,0.113,20.396
0.725,0.786,0.149,22.958
0.767,0.847,0.17,25.418
0.772,0.8300000000000001,0.211,27.523
0.76,0.797,0.231,28.773
0.616,0.458,0.343,29.363
0.369,0.108,0.35000000000000003,29.248
0.365,0.15,0.302,28.965
0.603,0.605,0.17500000000000002,29.01
0.36,0.308,0.136,28.445
0.101,0.085,0.048,26.431
0.0,0.001,0.0,24.334
0.0,0.0,0.0,22.931
0.0,0.0,0.0,22.132
0.0,0.0,0.0,21.646
0.0,0.0,0.0,21.269
0.0,0.0,0.0,20.959
0.0,0.0,0.0,20.738
0.0,0.0,0.0,20.644
0.0,0.0,0.0,20.612
0.0,0.0,0.0,20.569
0.0,0.0,0.0,20.42
0.0,0.002,0.001,20.218
0.085,0.067,0.044,20.272
0.263,0.17500000000000002,0.137,20.848
0.553,0.47400000000000003,0.20400000000000001,21.673000000000002
0.646,0.5650000000000001,0.248,22.475
0.735,0.708,0.243,23.043
0.708,0.624,0.28600000000000003,23.204
0.713,0.638,0.279,23.129
0.625,0.47700000000000004,0.306,22.778
0.622,0.532,0.245,22.406
0.428,0.296,0.218,21.781
0.377,0.317,0.133,21.146
0.10300000000000001,0.085,0.046,20.308
0.0,0.0,0.0,19.365
0.0,0.0,0.0,19.027
0.0,0.0,0.0,18.777
0.0,0.0,0.0,18.593
0.0,0.0,0.0,18.445
0.0,0.0,0.0,18.367
0.0,0.0,0.0,18.292
0.0,0.0,0.0,18.171
0.0,0.0,0.0,18.048
0.0,0.0,0.0,17.938
0.0,0.0,0.0,17.903
0.0,0.003,0.001,17.85
0.199,0.185,0.052000000000000005,17.971
0.43,0.375,0.134,18.597
0.423,0.28200000000000003,0.22,19.417
0.458,0.253,0.297,20.458
0.515,0.267,0.358,21.374
0.48,0.187,0.394,21.834
0.517,0.23800000000000002,0.393,22.146
0.502,0.252,0.36,22.302
0.457,0.251,0.301,22.276
0.33,0.169,0.224,21.95
0.20600000000000002,0.117,0.132,21.452
0.074,0.057,0.043000000000000003,20.682
0.0,0.0,0.0,19.775
0.0,0.0,0.0,19.362
0.0,0.0,0.0,19.176
0.0,0.0,0.0,19.022
0.0,0.0,0.0,18.87
0.0,0.0,0.0,18.764
0.0,0.0,0.0,18.684
0.0,0.0,0.0,18.579
0.0,0.0,0.0,18.353
0.0,0.0,0.0,18.138
0.0,0.0,0.0,18.036
0.0,0.005,0.001,18.017
0.333,0.337,0.053,18.512
0.551,0.546,0.124,20.174
0.675,0.674,0.17400000000000002,20.927
0.709,0.684,0.22,21.89
0.649,0.519,0.30000000000000004,23.004
0.582,0.354,0.37,23.309
0.519,0.249,0.389,23.266
0.496,0.249,0.358,23.2
0.462,0.263,0.298,23.012
0.40700000000000003,0.27,0.22,22.708
0.253,0.169,0.134,22.081
0.083,0.068,0.043000000000000003,21.156
0.0,0.0,0.0,20.242
0.0,0.0,0.0,19.768
0.0,0.0,0.0,19.599
0.0,0.0,0.0,19.432
0.0,0.0,0.0,19.297
0.0,0.0,0.0,19.237
0.0,0.0,0.0,19.301
0.0,0.0,0.0,19.503
0.0,0.0,0.0,19.738
0.0,0.0,0.0,19.837
0.0,0.0,0.0,19.649
0.0,0.002,0.001,19.445
0.08600000000000001,0.07,0.041,19.264
0.372,0.305,0.135,19.915
0.662,0.653,0.176,20.819
0.726,0.727,0.209,22.763
0.748,0.775,0.209,24.976
0.759,0.798,0.212,26.365
0.749,0.784,0.214,27.18
0.728,0.761,0.20500000000000002,27.462
0.664,0.664,0.2,27.28
0.557,0.529,0.17400000000000002,26.828
0.403,0.373,0.12,26.099
0.151,0.146,0.043000000000000003,24.877
0.0,0.0,0.0,23.322
0.0,0.0,0.0,22.228
0.0,0.0,0.0,21.524
0.0,0.0,0.0,20.962
0.0,0.0,0.0,20.639
0.0,0.0,0.0,20.499
0.0,0.0,0.0,20.258
0.0,0.0,0.0,19.868
0.0,0.0,0.0,19.607
0.0,0.0,0.0,19.37
0.0,0.0,0.0,19.082
0.004,0.012,0.0,18.922
0.379,0.4,0.047,19.251
0.61,0.646,0.108,20.847
0.706,0.759,0.149,23.448
0.744,0.808,0.176,26.246
0.758,0.836,0.187,28.48
0.76,0.842,0.194,29.936
0.753,0.836,0.193,30.741
0.734,0.8140000000000001,0.186,31.137
0.6990000000000001,0.77,0.17,31.16
0.634,0.6910000000000001,0.14400000000000002,30.853
0.504,0.538,0.10400000000000001,30.246
0.22,0.232,0.042,29.195
0.0,0.0,0.0,28.051
0.0,0.0,0.0,27.061
0.0,0.0,0.0,25.79
0.0,0.0,0.0,24.511
0.0,0.0,0.0,23.698
0.0,0.0,0.0,23.141
0.0,0.0,0.0,22.705
0.0,0.0,0.0,22.839
0.0,0.0,0.0,22.907
0.0,0.0,0.0,22.32
0.0,0.0,0.0,21.85
0.0,0.0,0.0,21.495
0.421,0.459,0.045,21.486
0.629,0.687,0.10200000000000001,22.645
0.719,0.793,0.14,24.342
0.759,0.839,0.165,25.42
0.774,0.846,0.186,25.963
0.775,0.839,0.196,26.273
0.763,0.8160000000000001,0.201,26.452
0.74,0.784,0.196,26.427
0.68,0.6930000000000001,0.19,26.201
0.605,0.61,0.158,25.71
0.463,0.459,0.11,24.969
0.165,0.164,0.04,23.995
0.0,0.0,0.0,22.73
0.0,0.0,0.0,22.037
0.0,0.0,0.0,21.684
0.0,0.0,0.0,21.399
0.0,0.0,0.0,21.219
0.0,0.0,0.0,21.135
0.0,0.0,0.0,21.064
0.0,0.0,0.0,20.944
0.0,0.0,0.0,20.757
0.0,0.0,0.0,20.567
0.0,0.0,0.0,20.379
0.0,0.0,0.0,20.187
0.338,0.356,0.044,20.38
0.582,0.611,0.107,21.83
0.6960000000000001,0.75,0.147,24.154
0.746,0.8180000000000001,0.171,26.282
0.767,0.852,0.182,27.981
0.769,0.86,0.188,29.333
0.759,0.847,0.189,30.319
0.735,0.8160000000000001,0.185,30.954
0.6920000000000001,0.758,0.17200000000000001,31.159
0.618,0.663,0.148,30.799
0.482,0.505,0.10400000000000001,29.733
0.191,0.199,0.039,27.851
0.0,0.0,0.0,25.956
0.0,0.0,0.0,24.947
0.0,0.0,0.0,24.472
0.0,0.0,0.0,23.96
0.0,0.0,0.0,23.369
0.0,0.0,0.0,22.783
0.0,0.0,0.0,22.197
0.0,0.0,0.0,21.675
0.0,0.0,0.0,21.272
0.0,0.0,0.0,20.945
0.0,0.0,0.0,20.712
0.0,0.0,0.0,20.523
0.361,0.386,0.043000000000000003,20.621
0.59,0.627,0.10400000000000001,21.98
0.6950000000000001,0.751,0.14400000000000002,24.4
0.736,0.808,0.171,27.212
0.748,0.809,0.202,29.365
0.752,0.8140000000000001,0.211,30.355
0.745,0.799,0.214,30.396
0.722,0.764,0.20800000000000002,29.947
0.674,0.6970000000000001,0.194,29.311
0.583,0.584,0.165,28.636
0.41300000000000003,0.395,0.115,27.74
0.128,0.126,0.038,26.285
0.0,0.0,0.0,24.606
0.0,0.0,0.0,23.566
0.0,0.0,0.0,22.901
0.0,0.0,0.0,22.564
0.0,0.0,0.0,22.414
0.0,0.0,0.0,22.227
0.0,0.0,0.0,21.884
0.0,0.0,0.0,21.669
0.0,0.0,0.0,21.426
0.0,0.0,0.0,21.187
0.0,0.0,0.0,21.04
0.0,0.0,0.0,20.876
0.08700000000000001,0.078,0.035,20.645
0.20600000000000002,0.13,0.11800000000000001,20.49
0.34400000000000003,0.202,0.20600000000000002,20.502
0.47000000000000003,0.28700000000000003,0.277,20.692
0.427,0.14400000000000002,0.365,20.674
0.46900000000000003,0.161,0.402,20.57
0.418,0.109,0.389,20.349
0.29,0.043000000000000003,0.301,20.011
0.241,0.04,0.246,19.781
0.145,0.023,0.154,19.471
0.053,0.009000000000000001,0.066,19.027
0.01,0.005,0.017,18.499
0.0,0.0,0.0,18.067
0.0,0.0,0.0,17.675
0.0,0.0,0.0,17.425
0.0,0.0,0.0,17.329
0.0,0.0,0.0,17.295
0.0,0.0,0.0,17.239
0.0,0.0,0.0,17.241
0.0,0.0,0.0,17.239
0.0,0.0,0.0,17.109
0.0,0.0,0.0,16.905
0.0,0.0,0.0,16.788
0.0,0.0,0.0,16.684
0.095,0.088,0.034,16.818
0.226,0.138,0.129,17.543
0.406,0.256,0.224,18.761
0.54,0.362,0.292,19.833
0.673,0.546,0.298,20.861
0.672,0.517,0.33,21.641
0.465,0.166,0.395,21.697
0.363,0.091,0.341,21.56
0.28400000000000003,0.069,0.27,21.372
0.166,0.035,0.168,20.996
0.063,0.013000000000000001,0.073,20.485
0.007,0.004,0.014,19.967
0.0,0.0,0.0,19.51
0.0,0.0,0.0,19.211
0.0,0.0,0.0,19.042
0.0,0.0,0.0,18.935
0.0,0.0,0.0,18.908
0.0,0.0,0.0,18.726
0.0,0.0,0.0,18.617
0.0,0.0,0.0,18.75
0.0,0.0,0.0,18.62
0.0,0.0,0.0,18.392
0.0,0.0,0.0,18.243
0.0,0.0,0.0,18.117
0.047,0.041,0.027,18.052
0.14200000000000002,0.064,0.11,18.72
0.191,0.05,0.179,19.588
0.386,0.162,0.297,20.733
0.612,0.445,0.319,22.63
0.577,0.355,0.368,24.559
0.494,0.223,0.389,25.662
0.393,0.13,0.35000000000000003,26.275
0.305,0.093,0.278,26.412
0.292,0.14400000000000002,0.212,26.24
0.186,0.111,0.12,25.631
0.057,0.05,0.031,24.593
0.0,0.0,0.0,23.361
0.0,0.0,0.0,22.539
0.0,0.0,0.0,22.009
0.0,0.0,0.0,21.56
0.0,0.0,0.0,21.194
0.0,0.0,0.0,20.802
0.0,0.0,0.0,20.408
0.0,0.0,0.0,20.021
0.0,0.0,0.0,19.609
0.0,0.0,0.0,19.274
0.0,0.0,0.0,19.017
0.0,0.0,0.0,18.897
0.067,0.062,0.029,19.001
0.148,0.07200000000000001,0.11,19.999
0.132,0.023,0.14100000000000001,21.075
0.11,0.008,0.132,21.271
0.14300000000000002,0.008,0.169,21.282
0.219,0.016,0.247,21.469
0.40700000000000003,0.105,0.384,22.387
0.335,0.07100000000000001,0.331,23.284
0.259,0.054,0.259,23.635
0.18,0.043000000000000003,0.178,23.696
0.034,0.005,0.048,23.118
0.003,0.002,0.01,22.059
0.0,0.0,0.0,21.183
0.0,0.0,0.0,20.633
0.0,0.0,0.0,20.213
0.0,0.0,0.0,19.787
0.0,0.0,0.0,19.537
0.0,0.0,0.0,19.428
0.0,0.0,0.0,19.4
0.0,0.0,0.0,19.363
0.0,0.0,0.0,19.441
0.0,0.0,0.0,19.546
0.0,0.0,0.0,19.452
0.0,0.0,0.0,19.33
0.08600000000000001,0.082,0.031,19.291
0.199,0.117,0.122,19.682
0.354,0.2,0.22,20.359
0.427,0.21,0.302,21.32
0.532,0.322,0.329,22.166
0.597,0.405,0.339,22.899
0.63,0.47300000000000003,0.32,23.317
0.5630000000000001,0.382,0.316,23.258
0.47800000000000004,0.307,0.274,22.87
0.363,0.23,0.20400000000000001,22.294
0.215,0.14400000000000002,0.115,21.613
0.042,0.037,0.026000000000000002,20.839
0.0,0.0,0.0,20.136
0.0,0.0,0.0,19.739
0.0,0.0,0.0,19.631
0.0,0.0,0.0,19.374
0.0,0.0,0.0,19.047
0.0,0.0,0.0,18.827
0.0,0.0,0.0,18.688
0.0,0.0,0.0,18.564
0.0,0.0,0.0,18.459
0.0,0.0,0.0,18.654
0.0,0.0,0.0,18.851
0.0,0.0,0.0,18.939
0.017,0.015,0.017,19.071
0.093,0.034,0.08600000000000001,19.719
0.257,0.112,0.193,20.523
0.312,0.106,0.266,21.307
0.392,0.123,0.34600000000000003,21.711
0.437,0.14200000000000002,0.384,21.956
0.454,0.161,0.387,22.181
0.354,0.09,0.333,22.089
0.268,0.062,0.258,21.865
0.211,0.066,0.188,21.589
0.105,0.039,0.095,21.155
0.018000000000000002,0.013000000000000001,0.019,20.569
0.0,0.0,0.0,19.924
0.0,0.0,0.0,19.551
0.0,0.0,0.0,19.314
0.0,0.0,0.0,19.088
0.0,0.0,0.0,18.853
0.0,0.0,0.0,18.615
0.0,0.0,0.0,18.379
0.0,0.0,0.0,18.235
0.0,0.0,0.0,18.136
0.0,0.0,0.0,18.053
0.0,0.0,0.0,18.051
0.0,0.0,0.0,18.042
0.018000000000000002,0.014,0.018000000000000002,18.197
0.055,0.012,0.065,18.843
0.133,0.023,0.14100000000000001,19.341
0.306,0.089,0.271,19.912
0.376,0.105,0.342,20.731
0.435,0.137,0.386,21.699
0.458,0.165,0.39,22.586
0.47700000000000004,0.223,0.357,23.052
0.362,0.14300000000000002,0.291,23.013
0.157,0.033,0.161,22.514
0.055,0.012,0.066,21.792
0.012,0.009000000000000001,0.017,21.05
0.0,0.0,0.0,20.378
0.0,0.0,0.0,20.012
0.0,0.0,0.0,19.887
0.0,0.0,0.0,19.849
0.0,0.0,0.0,19.766
0.0,0.0,0.0,19.865
0.0,0.0,0.0,19.844
0.0,0.0,0.0,19.686
0.0,0.0,0.0,19.393
0.0,0.0,0.0,19.156
0.0,0.0,0.0,18.834
0.0,0.0,0.0,18.824
0.005,0.004,0.011,18.963
0.036000000000000004,0.006,0.049,19.222
0.08700000000000001,0.01,0.10400000000000001,19.619
0.157,0.016,0.176,20.263
0.374,0.11800000000000001,0.328,21.582
0.332,0.068,0.331,23.355
0.25,0.03,0.273,24.436
0.166,0.014,0.193,24.508
0.20600000000000002,0.037,0.216,24.619
0.255,0.116,0.193,24.819
0.111,0.049,0.093,24.451
0.048,0.046,0.024,23.563
0.0,0.0,0.0,22.449
0.0,0.0,0.0,21.818
0.0,0.0,0.0,21.261
0.0,0.0,0.0,20.768
0.0,0.0,0.0,20.561
0.0,0.0,0.0,20.365
0.0,0.0,0.0,20.14
0.0,0.0,0.0,19.878
0.0,0.0,0.0,19.555
0.0,0.0,0.0,19.261
0.0,0.0,0.0,19.46
0.0,0.0,0.0,19.532
0.213,0.226,0.028,19.636
0.376,0.332,0.115,20.949
0.5640000000000001,0.519,0.177,22.8
0.683,0.671,0.20700000000000002,24.38
0.71,0.675,0.25,25.383
0.643,0.505,0.32,26.091
0.459,0.188,0.379,26.485
0.33,0.082,0.32,26.531
0.232,0.048,0.23600000000000002,26.119
0.20400000000000001,0.069,0.182,25.619
0.034,0.006,0.048,24.589
0.003,0.003,0.008,23.504
0.0,0.0,0.0,22.567
0.0,0.0,0.0,21.846
0.0,0.0,0.0,21.234
0.0,0.0,0.0,20.851
0.0,0.0,0.0,20.527
0.0,0.0,0.0,20.304
0.0,0.0,0.0,19.903
0.0,0.0,0.0,19.972
0.0,0.0,0.0,20.169
0.0,0.0,0.0,19.976
0.0,0.0,0.0,19.734
0.0,0.0,0.0,19.748
0.036000000000000004,0.034,0.021,19.839
0.099,0.039,0.088,20.054
0.11800000000000001,0.019,0.129,20.444
0.126,0.011,0.147,20.865
0.163,0.015,0.185,21.23
0.435,0.17200000000000001,0.352,22.195
0.46,0.20600000000000002,0.353,23.277
0.331,0.094,0.303,23.476
0.163,0.023,0.178,23.003
0.448,0.362,0.181,23.318
0.339,0.302,0.105,23.383
0.135,0.147,0.022,22.769
0.0,0.0,0.0,21.798000000000002
0.0,0.0,0.0,20.725
0.0,0.0,0.0,19.873
0.0,0.0,0.0,19.211
0.0,0.0,0.0,18.653
0.0,0.0,0.0,18.141
0.0,0.0,0.0,17.602
0.0,0.0,0.0,17.087
0.0,0.0,0.0,16.693
0.0,0.0,0.0,16.276
0.0,0.0,0.0,15.896
0.0,0.0,0.0,15.605
0.299,0.322,0.024,15.635
0.547,0.553,0.098,16.393
0.681,0.6960000000000001,0.145,17.716
0.744,0.765,0.177,18.967
0.785,0.844,0.167,19.943
0.791,0.853,0.17400000000000002,20.751
0.782,0.84,0.176,21.347
0.745,0.778,0.179,21.633
0.52,0.40800000000000003,0.224,21.423
0.393,0.296,0.17200000000000001,21.091
0.41100000000000003,0.397,0.093,20.66
0.169,0.185,0.019,19.682
0.0,0.0,0.0,18.456
0.0,0.0,0.0,17.612
0.0,0.0,0.0,16.973
0.0,0.0,0.0,16.695
0.0,0.0,0.0,16.562
0.0,0.0,0.0,16.35
0.0,0.0,0.0,16.035
0.0,0.0,0.0,15.561
0.0,0.0,0.0,15.194
0.0,0.0,0.0,14.9
0.0,0.0,0.0,14.654
0.0,0.0,0.0,14.446
0.318,0.34500000000000003,0.021,14.419
0.5760000000000001,0.598,0.08700000000000001,15.514
0.6990000000000001,0.739,0.127,17.592
0.753,0.805,0.153,19.528
0.765,0.787,0.198,20.906
0.774,0.799,0.20700000000000002,21.885
0.767,0.792,0.20800000000000002,22.697
0.743,0.765,0.2,23.147
0.679,0.677,0.188,23.165
0.553,0.524,0.16,22.966
0.303,0.259,0.10300000000000001,22.48
0.157,0.17300000000000001,0.02,21.527
0.0,0.0,0.0,20.456
0.0,0.0,0.0,19.726
0.0,0.0,0.0,18.712
0.0,0.0,0.0,17.837
0.0,0.0,0.0,17.242
0.0,0.0,0.0,16.439
0.0,0.0,0.0,15.83
0.0,0.0,0.0,15.573
0.0,0.0,0.0,15.551
0.0,0.0,0.0,15.64
0.0,0.0,0.0,15.853
0.0,0.0,0.0,15.947
0.003,0.004,0.008,15.757
0.021,0.004,0.032,16.038
0.052000000000000005,0.005,0.067,15.879
0.11,0.01,0.127,15.432
0.259,0.037,0.263,15.19
0.34800000000000003,0.07,0.333,15.681000000000001
0.331,0.061,0.324,16.244
0.31,0.063,0.297,16.673000000000002
0.20500000000000002,0.033,0.209,16.796
0.126,0.023,0.133,16.594
0.064,0.018000000000000002,0.068,16.302
0.017,0.016,0.014,15.92
0.0,0.0,0.0,15.39
0.0,0.0,0.0,15.045
0.0,0.0,0.0,14.932
0.0,0.0,0.0,14.98
0.0,0.0,0.0,15.539
0.0,0.0,0.0,16.106
0.0,0.0,0.0,16.077
0.0,0.0,0.0,15.921
0.0,0.0,0.0,15.679
0.0,0.0,0.0,15.526
0.0,0.0,0.0,15.51
0.0,0.0,0.0,15.664
0.02,0.02,0.016,15.909
0.129,0.064,0.094,16.384
0.306,0.161,0.195,17.067
0.494,0.318,0.269,17.958
0.601,0.453,0.28200000000000003,19.317
0.443,0.179,0.34800000000000003,19.909
0.33,0.074,0.316,19.892
0.34800000000000003,0.107,0.304,19.913
0.257,0.07100000000000001,0.233,19.905
0.334,0.21,0.185,19.928
0.123,0.066,0.088,19.654
0.058,0.063,0.017,18.949
0.0,0.0,0.0,17.867
0.0,0.0,0.0,17.135
0.0,0.0,0.0,16.701
0.0,0.0,0.0,16.375
0.0,0.0,0.0,16.132
0.0,0.0,0.0,15.973
0.0,0.0,0.0,15.839
0.0,0.0,0.0,15.801
0.0,0.0,0.0,15.926
0.0,0.0,0.0,16.128
0.0,0.0,0.0,16.411
0.0,0.0,0.0,16.733
0.073,0.077,0.02,17.012
0.255,0.196,0.10300000000000001,17.545
0.435,0.334,0.181,19.172
0.618,0.546,0.217,20.56
0.593,0.47000000000000003,0.263,21.378
0.58,0.417,0.298,21.795
0.58,0.419,0.297,22.007
0.619,0.524,0.248,22.092
0.425,0.266,0.244,21.8
0.354,0.247,0.17400000000000002,21.435
0.148,0.095,0.088,21.021
0.053,0.06,0.016,20.402
0.0,0.0,0.0,19.747
0.0,0.0,0.0,19.342
0.0,0.0,0.0,19.075
0.0,0.0,0.0,18.932
0.0,0.0,0.0,18.848
0.0,0.0,0.0,18.745
0.0,0.0,0.0,18.475
0.0,0.0,0.0,17.976
0.0,0.0,0.0,17.632
0.0,0.0,0.0,17.46
0.0,0.0,0.0,17.165
0.0,0.0,0.0,16.883
0.166,0.18,0.019,16.992
0.47100000000000003,0.466,0.092,18.173
0.662,0.6930000000000001,0.133,20.503
0.732,0.78,0.161,21.917
0.771,0.851,0.157,22.888
0.779,0.861,0.163,23.611
0.774,0.855,0.164,24.008
0.755,0.8300000000000001,0.159,24.098
0.715,0.777,0.146,23.841
0.636,0.68,0.122,23.346
0.47300000000000003,0.494,0.08,22.546
0.153,0.17300000000000001,0.014,21.303
0.0,0.0,0.0,19.976
0.0,0.0,0.0,19.089
0.0,0.0,0.0,18.683
0.0,0.0,0.0,18.563
0.0,0.0,0.0,18.614
0.0,0.0,0.0,18.765
0.0,0.0,0.0,18.994
0.0,0.0,0.0,19.121
0.0,0.0,0.0,18.872
0.0,0.0,0.0,18.208
0.0,0.0,0.0,17.307
0.0,0.0,0.0,16.377
0.20800000000000002,0.227,0.017,15.873
0.499,0.507,0.084,17.257
0.668,0.71,0.122,19.84
0.727,0.781,0.149,21.438
0.747,0.79,0.176,22.345
0.754,0.795,0.186,22.931
0.731,0.748,0.198,23.188
0.672,0.647,0.20800000000000002,23.125
0.657,0.66,0.17200000000000001,22.995
0.553,0.54,0.14100000000000001,22.613
0.371,0.357,0.08700000000000001,21.979
0.108,0.123,0.014,20.904
0.0,0.0,0.0,19.536
0.0,0.0,0.0,18.725
0.0,0.0,0.0,18.39
0.0,0.0,0.0,18.439
0.0,0.0,0.0,18.622
0.0,0.0,0.0,18.67
0.0,0.0,0.0,18.665
0.0,0.0,0.0,18.654
0.0,0.0,0.0,18.584
0.0,0.0,0.0,18.524
0.0,0.0,0.0,18.449
0.0,0.0,0.0,18.342
0.148,0.163,0.017,18.306
0.34400000000000003,0.313,0.092,18.684
0.489,0.431,0.155,19.846
0.545,0.455,0.21,21.155
0.518,0.337,0.295,22.004
0.46,0.22,0.337,22.479
0.391,0.138,0.332,22.704
0.36,0.132,0.30000000000000004,22.851
0.328,0.147,0.247,22.862
0.253,0.132,0.171,22.628
0.133,0.082,0.084,22.063
0.027,0.033,0.013000000000000001,20.946
0.0,0.0,0.0,19.762
0.0,0.0,0.0,19.061
0.0,0.0,0.0,18.683
0.0,0.0,0.0,18.473
0.0,0.0,0.0,18.297
0.0,0.0,0.0,18.113
0.0,0.0,0.0,17.911
0.0,0.0,0.0,17.715
0.0,0.0,0.0,17.538
0.0,0.0,0.0,17.311
0.0,0.0,0.0,17.071
0.0,0.0,0.0,16.904
0.111,0.121,0.017,16.929
0.36,0.325,0.096,17.799
0.33,0.211,0.177,19.121
0.505,0.372,0.23700000000000002,20.406
0.658,0.597,0.228,21.541
0.678,0.617,0.242,22.276
0.6910000000000001,0.649,0.232,22.849
0.577,0.459,0.258,23.226
0.47300000000000003,0.34700000000000003,0.23,23.43
0.355,0.258,0.168,23.173
0.14100000000000001,0.094,0.082,22.376
0.016,0.021,0.01,21.307
0.0,0.0,0.0,20.377
0.0,0.0,0.0,19.768
0.0,0.0,0.0,19.054
0.0,0.0,0.0,18.078
0.0,0.0,0.0,17.238
0.0,0.0,0.0,16.512
0.0,0.0,0.0,16.046
0.0,0.0,0.0,15.792
0.0,0.0,0.0,15.665
0.0,0.0,0.0,15.566
0.0,0.0,0.0,15.509
0.0,0.0,0.0,15.47
0.079,0.08700000000000001,0.016,15.525
0.28,0.232,0.092,16.206
0.40800000000000003,0.31,0.167,17.281
0.535,0.421,0.22,18.356
0.5710000000000001,0.444,0.25,19.357
0.639,0.546,0.247,20.41
0.653,0.58,0.23700000000000002,21.442
0.715,0.733,0.183,22.268
0.67,0.685,0.163,22.518
0.5730000000000001,0.5760000000000001,0.132,22.336
0.35100000000000003,0.336,0.082,21.713
0.065,0.077,0.012,20.637
0.0,0.0,0.0,19.456
0.0,0.0,0.0,18.581
0.0,0.0,0.0,18.212
0.0,0.0,0.0,17.837
0.0,0.0,0.0,17.274
0.0,0.0,0.0,16.688
0.0,0.0,0.0,16.179
0.0,0.0,0.0,15.777
0.0,0.0,0.0,15.385
0.0,0.0,0.0,14.925
0.0,0.0,0.0,14.406
0.0,0.0,0.0,13.902
0.17500000000000002,0.191,0.014,13.498
0.532,0.545,0.078,13.907
0.683,0.711,0.12,14.975999999999999
0.749,0.786,0.147,16.069
0.783,0.833,0.157,17.056
0.785,0.8310000000000001,0.168,18.036
0.776,0.8210000000000001,0.17,18.967
0.746,0.78,0.167,19.559
0.6970000000000001,0.722,0.153,19.759
0.61,0.624,0.123,19.59
0.314,0.289,0.081,19.01
0.052000000000000005,0.063,0.011,17.957
0.0,0.0,0.0,16.899
0.0,0.0,0.0,16.134
0.0,0.0,0.0,15.586
0.0,0.0,0.0,14.999
0.0,0.0,0.0,14.283
0.0,0.0,0.0,13.653
0.0,0.0,0.0,13.129
0.0,0.0,0.0,12.678
0.0,0.0,0.0,12.276
0.0,0.0,0.0,11.936
0.0,0.0,0.0,11.633
0.0,0.0,0.0,11.344
0.165,0.18,0.013000000000000001,11.175
0.544,0.556,0.075,11.994
0.6960000000000001,0.727,0.115,13.685
0.749,0.784,0.14300000000000002,15.11
0.775,0.805,0.167,16.086
0.79,0.8280000000000001,0.17200000000000001,16.903
0.792,0.838,0.169,17.636
0.78,0.834,0.159,18.23
0.732,0.775,0.146,18.576999999999998
0.514,0.47400000000000003,0.14100000000000001,18.56
0.12,0.078,0.07200000000000001,17.959
0.019,0.025,0.009000000000000001,16.789
0.0,0.0,0.0,16.001
0.0,0.0,0.0,15.355
0.0,0.0,0.0,14.475
0.0,0.0,0.0,13.657
0.0,0.0,0.0,12.991
0.0,0.0,0.0,12.865
0.0,0.0,0.0,12.984
0.0,0.0,0.0,12.845
0.0,0.0,0.0,12.681000000000001
0.0,0.0,0.0,12.362
0.0,0.0,0.0,12.294
0.0,0.0,0.0,12.527
0.089,0.099,0.013000000000000001,12.844
0.39,0.365,0.083,13.685
0.5660000000000001,0.535,0.137,15.371
0.658,0.634,0.17200000000000001,17.185
0.603,0.481,0.252,18.387
0.594,0.438,0.28500000000000003,19.015
0.593,0.439,0.28400000000000003,19.343
0.501,0.321,0.28,19.485
0.371,0.203,0.23500000000000001,19.409
0.47600000000000003,0.41600000000000004,0.152,19.328
0.14300000000000002,0.098,0.077,18.877
0.022,0.028,0.009000000000000001,18.05
0.0,0.0,0.0,17.267
0.0,0.0,0.0,16.811
0.0,0.0,0.0,16.56
0.0,0.0,0.0,16.317
0.0,0.0,0.0,16.036
0.0,0.0,0.0,15.678
0.0,0.0,0.0,15.321
0.0,0.0,0.0,15.079
0.0,0.0,0.0,14.95
0.0,0.0,0.0,14.533
0.0,0.0,0.0,13.956
0.0,0.0,0.0,13.548
0.042,0.049,0.012,13.294
0.222,0.171,0.08600000000000001,13.856
0.28600000000000003,0.167,0.164,15.233
0.324,0.146,0.232,17.23
0.654,0.5680000000000001,0.241,19.234
0.747,0.74,0.216,20.77
0.638,0.526,0.272,21.619
0.304,0.08600000000000001,0.276,21.588
0.23600000000000002,0.068,0.214,21.391
0.212,0.099,0.156,20.999
0.043000000000000003,0.015,0.048,19.607
0.0,0.002,0.004,17.895
0.0,0.0,0.0,16.867
0.0,0.0,0.0,16.246
0.0,0.0,0.0,15.782
0.0,0.0,0.0,15.225
0.0,0.0,0.0,14.745
0.0,0.0,0.0,14.583
0.0,0.0,0.0,14.518
0.0,0.0,0.0,14.487
0.0,0.0,0.0,14.525
0.0,0.0,0.0,14.539
0.0,0.0,0.0,14.755
0.0,0.0,0.0,15.048
0.005,0.007,0.007,15.293
0.083,0.04,0.068,15.651
0.222,0.101,0.159,16.139
0.4,0.225,0.242,16.729
0.482,0.293,0.278,17.673000000000002
0.484,0.269,0.308,18.834
0.545,0.368,0.292,19.864
0.494,0.322,0.273,20.348
0.432,0.29,0.225,20.323
0.34800000000000003,0.254,0.157,20.0
0.197,0.157,0.078,19.248
0.019,0.026000000000000002,0.008,18.128
0.0,0.0,0.0,17.561
0.0,0.0,0.0,17.387
0.0,0.0,0.0,17.317
0.0,0.0,0.0,17.279
0.0,0.0,0.0,17.296
0.0,0.0,0.0,17.222
0.0,0.0,0.0,17.088
0.0,0.0,0.0,16.905
0.0,0.0,0.0,16.689
0.0,0.0,0.0,16.537
0.0,0.0,0.0,16.422
0.0,0.0,0.0,16.238
0.059000000000000004,0.07,0.011,16.07
0.297,0.261,0.084,16.343
0.456,0.383,0.153,16.984
0.602,0.537,0.192,17.721
0.67,0.617,0.213,18.755
0.671,0.6000000000000001,0.23500000000000001,19.619
0.545,0.374,0.28700000000000003,20.039
0.336,0.126,0.271,20.031
0.216,0.063,0.195,19.765
0.199,0.094,0.14400000000000002,19.396
0.161,0.121,0.074,18.815
0.034,0.044,0.009000000000000001,17.82
0.0,0.0,0.0,16.925
0.0,0.0,0.0,16.549
0.0,0.0,0.0,16.388
0.0,0.0,0.0,16.52
0.0,0.0,0.0,16.635
0.0,0.0,0.0,16.627
0.0,0.0,0.0,16.726
0.0,0.0,0.0,16.632
0.0,0.0,0.0,15.887
0.0,0.0,0.0,15.151
0.0,0.0,0.0,14.638
0.0,0.0,0.0,14.118
0.077,0.089,0.011,13.889
0.383,0.362,0.08,14.483
0.62,0.619,0.127,15.98
0.706,0.718,0.159,17.551
0.734,0.744,0.186,19.823
0.7020000000000001,0.672,0.219,21.552
0.676,0.628,0.23,22.76
0.715,0.735,0.187,23.58
0.617,0.596,0.181,23.868
0.18,0.08,0.14,23.466
0.04,0.016,0.044,22.545
0.007,0.012,0.006,21.391
0.0,0.0,0.0,20.275
0.0,0.0,0.0,19.641
0.0,0.0,0.0,19.358
0.0,0.0,0.0,19.173
0.0,0.0,0.0,18.958
0.0,0.0,0.0,18.8
0.0,0.0,0.0,18.646
0.0,0.0,0.0,18.537
0.0,0.0,0.0,18.545
0.0,0.0,0.0,18.54
0.0,0.0,0.0,18.287
0.0,0.0,0.0,18.167
0.001,0.004,0.005,18.065
0.06,0.027,0.055,18.13
0.23,0.121,0.152,18.958
0.628,0.599,0.18,20.912
0.665,0.644,0.197,22.552
0.648,0.593,0.226,23.087
0.274,0.067,0.26,21.985
0.365,0.167,0.265,20.101
0.664,0.667,0.159,19.759
0.595,0.607,0.121,19.813
0.421,0.431,0.069,19.455
0.048,0.062,0.007,18.567
0.0,0.0,0.0,17.595
0.0,0.0,0.0,16.91
0.0,0.0,0.0,16.545
0.0,0.0,0.0,16.128
0.0,0.0,0.0,15.802
0.0,0.0,0.0,15.672
0.0,0.0,0.0,15.498
0.0,0.0,0.0,15.139
0.0,0.0,0.0,14.661
0.0,0.0,0.0,14.168
0.0,0.0,0.0,13.759
0.0,0.0,0.0,13.384
0.079,0.092,0.009000000000000001,13.115
0.448,0.447,0.07200000000000001,13.888
0.644,0.663,0.116,15.712
0.721,0.752,0.145,17.273
0.763,0.8160000000000001,0.151,18.262
0.776,0.833,0.158,19.038
0.773,0.8310000000000001,0.159,19.644
0.753,0.809,0.153,20.078
0.71,0.759,0.138,20.162
0.625,0.66,0.11,19.815
0.435,0.451,0.065,18.927
0.044,0.057,0.006,17.539
0.0,0.0,0.0,16.342
0.0,0.0,0.0,15.633
0.0,0.0,0.0,15.546
0.0,0.0,0.0,15.705
0.0,0.0,0.0,15.955
0.0,0.0,0.0,16.161
0.0,0.0,0.0,16.318
0.0,0.0,0.0,16.348
0.0,0.0,0.0,16.246
0.0,0.0,0.0,16.116
0.0,0.0,0.0,15.916
0.0,0.0,0.0,15.739
0.076,0.091,0.008,15.594
0.458,0.468,0.067,15.958
0.636,0.664,0.11,17.27
0.718,0.766,0.136,18.95
0.748,0.796,0.158,20.078
0.761,0.8140000000000001,0.166,20.975
0.757,0.81,0.167,21.611
0.735,0.785,0.16,21.965
0.6880000000000001,0.728,0.145,22.022
0.592,0.618,0.115,21.761
0.393,0.402,0.066,21.004
0.03,0.042,0.006,19.686
0.0,0.0,0.0,18.692
0.0,0.0,0.0,18.05
0.0,0.0,0.0,17.621
0.0,0.0,0.0,17.287
0.0,0.0,0.0,16.974
0.0,0.0,0.0,16.634
0.0,0.0,0.0,16.262
0.0,0.0,0.0,15.911
0.0,0.0,0.0,15.635
0.0,0.0,0.0,15.422
0.0,0.0,0.0,15.247
0.0,0.0,0.0,15.121
0.009000000000000001,0.015,0.006,14.963
0.227,0.193,0.07200000000000001,15.479
0.545,0.527,0.125,17.332
0.661,0.667,0.154,19.551
0.709,0.725,0.177,21.433
0.731,0.763,0.182,22.973
0.728,0.763,0.182,23.999
0.7010000000000001,0.732,0.17500000000000002,24.67
0.578,0.55,0.17500000000000002,24.647
0.39,0.332,0.14,24.068
0.184,0.158,0.067,23.011
0.009000000000000001,0.016,0.005,21.52
0.0,0.0,0.0,20.364
0.0,0.0,0.0,19.659
0.0,0.0,0.0,19.06
0.0,0.0,0.0,18.457
0.0,0.0,0.0,17.764
0.0,0.0,0.0,17.123
0.0,0.0,0.0,16.698
0.0,0.0,0.0,16.384
0.0,0.0,0.0,16.1
0.0,0.0,0.0,15.893
0.0,0.0,0.0,15.751
0.0,0.0,0.0,15.626
0.016,0.023,0.007,15.515
0.213,0.178,0.07200000000000001,15.744
0.40900000000000003,0.335,0.14200000000000002,16.239
0.542,0.457,0.189,16.858
0.602,0.502,0.228,17.958
0.559,0.404,0.27,18.724
0.47700000000000004,0.278,0.29,18.906
0.379,0.181,0.266,18.832
0.289,0.131,0.20800000000000002,18.604
0.203,0.105,0.136,18.299
0.109,0.076,0.06,17.889
0.007,0.013000000000000001,0.005,17.187
0.0,0.0,0.0,16.368
0.0,0.0,0.0,15.76
0.0,0.0,0.0,15.49
0.0,0.0,0.0,15.404
0.0,0.0,0.0,15.692
0.0,0.0,0.0,15.982
0.0,0.0,0.0,15.754
0.0,0.0,0.0,15.459
0.0,0.0,0.0,15.096
0.0,0.0,0.0,14.734
0.0,0.0,0.0,14.462
0.0,0.0,0.0,14.196
0.04,0.051000000000000004,0.007,14.168
0.369,0.355,0.07100000000000001,14.986
0.605,0.609,0.12,16.733
0.6950000000000001,0.71,0.153,18.181
0.748,0.797,0.152,19.044
0.764,0.8170000000000001,0.159,19.675
0.762,0.8160000000000001,0.159,20.074
0.743,0.794,0.153,20.235
0.6980000000000001,0.742,0.137,20.21
0.608,0.639,0.108,19.926
0.40800000000000003,0.422,0.061,19.276
0.023,0.035,0.005,17.982
0.0,0.0,0.0,16.803
0.0,0.0,0.0,16.376
0.0,0.0,0.0,16.335
0.0,0.0,0.0,16.43
0.0,0.0,0.0,16.51
0.0,0.0,0.0,16.47
0.0,0.0,0.0,16.284
0.0,0.0,0.0,15.803
0.0,0.0,0.0,15.242
0.0,0.0,0.0,14.703
0.0,0.0,0.0,14.27
0.0,0.0,0.0,13.927
0.042,0.054,0.006,13.699
0.41100000000000003,0.41100000000000003,0.064,14.494
0.605,0.62,0.11,16.99
0.6890000000000001,0.72,0.139,19.102
0.723,0.753,0.163,20.386
0.739,0.775,0.17200000000000001,21.232
0.737,0.775,0.17200000000000001,21.823
0.716,0.752,0.164,22.15
0.668,0.6980000000000001,0.146,22.222
0.5710000000000001,0.591,0.113,22.007
0.362,0.369,0.062,21.411
0.015,0.026000000000000002,0.004,20.013
0.0,0.0,0.0,18.849
0.0,0.0,0.0,18.262
0.0,0.0,0.0,17.718
0.0,0.0,0.0,17.304
0.0,0.0,0.0,17.065
0.0,0.0,0.0,16.74
0.0,0.0,0.0,16.246
0.0,0.0,0.0,15.722
0.0,0.0,0.0,15.117
0.0,0.0,0.0,14.656
0.0,0.0,0.0,14.355
0.0,0.0,0.0,14.13
0.024,0.033,0.006,14.174
0.253,0.227,0.067,15.376
0.381,0.31,0.136,17.363
0.47400000000000003,0.376,0.191,19.314
0.604,0.522,0.221,20.436
0.614,0.516,0.243,20.907
0.586,0.466,0.254,21.026
0.334,0.139,0.257,20.567
0.266,0.114,0.2,19.939
0.17300000000000001,0.082,0.127,19.46
0.084,0.057,0.053,18.925
0.004,0.009000000000000001,0.004,18.197
0.0,0.0,0.0,17.785
0.0,0.0,0.0,17.647
0.0,0.0,0.0,17.539
0.0,0.0,0.0,17.468
0.0,0.0,0.0,17.561
0.0,0.0,0.0,17.542
0.0,0.0,0.0,17.476
0.0,0.0,0.0,17.39
0.0,0.0,0.0,17.178
0.0,0.0,0.0,17.001
0.0,0.0,0.0,16.8
0.0,0.0,0.0,16.665
0.016,0.025,0.006,16.696
0.234,0.20600000000000002,0.069,17.366
0.421,0.36,0.139,19.3
0.534,0.459,0.189,20.625
0.627,0.586,0.194,21.557
0.645,0.601,0.209,22.188
0.671,0.654,0.197,22.667
0.666,0.665,0.179,22.854
0.628,0.636,0.152,22.707
0.522,0.521,0.116,22.217
0.303,0.30000000000000004,0.06,21.342
0.009000000000000001,0.017,0.003,19.987
0.0,0.0,0.0,18.886
0.0,0.0,0.0,18.212
0.0,0.0,0.0,17.721
0.0,0.0,0.0,17.314
0.0,0.0,0.0,16.932
0.0,0.0,0.0,16.49
0.0,0.0,0.0,16.079
0.0,0.0,0.0,15.704
0.0,0.0,0.0,15.331
0.0,0.0,0.0,15.004
0.0,0.0,0.0,14.7
0.0,0.0,0.0,14.643
0.022,0.032,0.005,14.607
0.34600000000000003,0.336,0.063,15.339
0.591,0.601,0.11,16.983
0.683,0.712,0.139,19.238
0.731,0.782,0.151,21.077
0.746,0.806,0.159,22.369
0.743,0.806,0.159,23.335
0.724,0.786,0.151,23.815
0.678,0.732,0.135,23.883
0.583,0.621,0.105,23.435
0.378,0.396,0.057,22.353
0.011,0.021,0.003,20.558
0.0,0.0,0.0,19.101
0.0,0.0,0.0,18.272
0.0,0.0,0.0,17.706
0.0,0.0,0.0,17.409
0.0,0.0,0.0,17.392
0.0,0.0,0.0,17.435
0.0,0.0,0.0,17.3
0.0,0.0,0.0,17.24
0.0,0.0,0.0,17.359
0.0,0.0,0.0,17.308
0.0,0.0,0.0,17.151
0.0,0.0,0.0,16.963
0.018000000000000002,0.029,0.005,16.882
0.335,0.329,0.061,17.179
0.55,0.55,0.112,18.284
0.641,0.648,0.145,20.09
0.6920000000000001,0.7030000000000001,0.17200000000000001,21.146
0.716,0.734,0.18,21.926
0.722,0.75,0.177,22.499
0.684,0.6960000000000001,0.17400000000000002,22.749
0.655,0.68,0.147,22.744
0.512,0.508,0.117,22.363
0.337,0.343,0.058,21.541
0.007,0.015,0.003,20.209
0.0,0.0,0.0,19.194
0.0,0.0,0.0,18.605
0.0,0.0,0.0,18.225
0.0,0.0,0.0,17.973
0.0,0.0,0.0,17.801
0.0,0.0,0.0,17.623
0.0,0.0,0.0,17.483
0.0,0.0,0.0,17.419
0.0,0.0,0.0,17.439
0.0,0.0,0.0,17.429
0.0,0.0,0.0,17.405
0.0,0.0,0.0,17.282
0.002,0.007,0.003,16.949
0.093,0.065,0.054,16.959
0.23700000000000002,0.147,0.132,18.051
0.40700000000000003,0.28700000000000003,0.195,19.897
0.5750000000000001,0.504,0.203,21.492
0.733,0.784,0.162,22.655
0.731,0.783,0.163,23.435
0.706,0.754,0.157,23.826
0.655,0.6940000000000001,0.139,23.854
0.55,0.5730000000000001,0.108,23.556
0.354,0.369,0.055,22.71
0.006,0.014,0.002,21.318
0.0,0.0,0.0,20.167
0.0,0.0,0.0,19.581
0.0,0.0,0.0,19.199
0.0,0.0,0.0,18.868
0.0,0.0,0.0,18.568
0.0,0.0,0.0,18.292
0.0,0.0,0.0,17.995
0.0,0.0,0.0,17.603
0.0,0.0,0.0,17.2
0.0,0.0,0.0,16.72
0.0,0.0,0.0,16.252
0.0,0.0,0.0,16.054
0.017,0.028,0.004,15.734
0.333,0.327,0.059000000000000004,16.043
0.5700000000000001,0.579,0.107,17.774
0.668,0.6980000000000001,0.137,20.392
0.6930000000000001,0.708,0.177,22.919
0.707,0.725,0.19,24.35
0.7020000000000001,0.721,0.191,25.124
0.677,0.6940000000000001,0.181,25.629
0.61,0.615,0.16,25.786
0.456,0.437,0.124,25.489
0.17200000000000001,0.156,0.057,24.515
0.001,0.006,0.002,23.023
0.0,0.0,0.0,21.958
0.0,0.0,0.0,21.155
0.0,0.0,0.0,20.482
0.0,0.0,0.0,20.064
0.0,0.0,0.0,19.572
0.0,0.0,0.0,18.94
0.0,0.0,0.0,18.323
0.0,0.0,0.0,18.06
0.0,0.0,0.0,18.093
0.0,0.0,0.0,18.02
0.0,0.0,0.0,17.824
0.0,0.0,0.0,17.663
0.0,0.0,0.001,17.781
0.02,0.008,0.028,18.041
0.069,0.015,0.078,18.157
0.099,0.014,0.113,18.296
0.126,0.009000000000000001,0.147,18.201
0.201,0.021,0.218,18.258
0.188,0.018000000000000002,0.20600000000000002,18.167
0.125,0.009000000000000001,0.146,17.869
0.068,0.004,0.08700000000000001,17.332
0.026000000000000002,0.002,0.04,16.736
0.006,0.002,0.015,16.321
0.0,0.0,0.0,15.899000000000001
0.0,0.0,0.0,15.839
0.0,0.0,0.0,16.051
0.0,0.0,0.0,16.409
0.0,0.0,0.0,16.633
0.0,0.0,0.0,16.856
0.0,0.0,0.0,17.017
0.0,0.0,0.0,17.16
0.0,0.0,0.0,17.191
0.0,0.0,0.0,17.096
0.0,0.0,0.0,16.912
0.0,0.0,0.0,16.759
0.0,0.0,0.0,16.616
0.0,0.0,0.001,16.54
0.007,0.002,0.016,16.643
0.08600000000000001,0.016,0.095,16.967
0.157,0.025,0.163,17.355
0.259,0.077,0.227,17.703
0.41200000000000003,0.20800000000000002,0.277,18.22
0.454,0.264,0.273,18.66
0.315,0.128,0.242,18.741
0.355,0.221,0.197,18.699
0.188,0.10300000000000001,0.121,18.32
0.17400000000000002,0.154,0.054,17.564
0.0,0.003,0.001,16.582
0.0,0.0,0.0,15.801
0.0,0.0,0.0,15.582
0.0,0.0,0.0,15.298
0.0,0.0,0.0,14.978
0.0,0.0,0.0,14.7
0.0,0.0,0.0,14.435
0.0,0.0,0.0,14.189
0.0,0.0,0.0,14.018
0.0,0.0,0.0,13.824
0.0,0.0,0.0,13.53
0.0,0.0,0.0,13.243
0.0,0.0,0.0,12.922
0.005,0.012,0.003,12.563
0.261,0.23800000000000002,0.06,12.834
0.522,0.492,0.11800000000000001,13.834
0.67,0.665,0.149,15.231
0.721,0.736,0.157,16.525
0.618,0.538,0.213,17.446
0.649,0.596,0.201,18.101
0.722,0.749,0.156,18.449
0.649,0.657,0.14200000000000002,18.419
0.504,0.491,0.11,18.091
0.127,0.109,0.047,17.411
0.001,0.005,0.001,16.364
0.0,0.0,0.0,15.339
0.0,0.0,0.0,14.552
0.0,0.0,0.0,14.109
0.0,0.0,0.0,13.907
0.0,0.0,0.0,13.916
0.0,0.0,0.0,13.653
0.0,0.0,0.0,13.436
0.0,0.0,0.0,13.192
0.0,0.0,0.0,12.896
0.0,0.0,0.0,12.62
0.0,0.0,0.0,12.484
0.0,0.0,0.0,12.476
0.006,0.014,0.003,12.54
0.322,0.312,0.055,12.945
0.5630000000000001,0.559,0.105,14.241
0.664,0.67,0.138,15.946
0.709,0.719,0.161,17.513
0.725,0.739,0.17200000000000001,18.719
0.722,0.737,0.17300000000000001,19.513
0.674,0.67,0.171,19.904
0.456,0.367,0.177,19.854
0.168,0.092,0.111,19.446
0.121,0.10400000000000001,0.047,18.871
0.0,0.004,0.001,18.116
0.0,0.0,0.0,17.513
0.0,0.0,0.0,17.017
0.0,0.0,0.0,16.565
0.0,0.0,0.0,16.161
0.0,0.0,0.0,15.833
0.0,0.0,0.0,15.654
0.0,0.0,0.0,15.584
0.0,0.0,0.0,15.535
0.0,0.0,0.0,15.407
0.0,0.0,0.0,15.435
0.0,0.0,0.0,15.59
0.0,0.0,0.0,15.706
0.0,0.002,0.001,15.708
0.335,0.334,0.054,15.959
0.579,0.591,0.10300000000000001,16.846
0.67,0.6880000000000001,0.136,17.756
0.73,0.771,0.146,18.53
0.738,0.774,0.159,19.107
0.72,0.74,0.166,19.438
0.676,0.678,0.164,19.565
0.608,0.599,0.145,19.276
0.47000000000000003,0.449,0.109,18.609
0.294,0.296,0.049,17.914
0.0,0.005,0.001,17.119
0.0,0.0,0.0,16.381
0.0,0.0,0.0,15.658
0.0,0.0,0.0,15.165
0.0,0.0,0.0,14.76
0.0,0.0,0.0,14.258
0.0,0.0,0.0,13.738
0.0,0.0,0.0,13.237
0.0,0.0,0.0,12.723
0.0,0.0,0.0,12.287
0.0,0.0,0.0,11.895
0.0,0.0,0.0,11.672
0.0,0.0,0.0,11.568
0.005,0.012,0.002,11.238
0.337,0.331,0.052000000000000005,11.436
0.559,0.552,0.10200000000000001,12.908
0.659,0.66,0.135,14.771
0.7030000000000001,0.708,0.156,16.179
0.719,0.727,0.167,17.06
0.718,0.727,0.168,17.627
0.708,0.726,0.154,17.927
0.659,0.676,0.134,17.992
0.519,0.515,0.10300000000000001,17.763
0.254,0.249,0.047,17.134
0.0,0.003,0.001,15.961
0.0,0.0,0.0,15.422
0.0,0.0,0.0,15.263
0.0,0.0,0.0,15.07
0.0,0.0,0.0,14.891
0.0,0.0,0.0,14.353
0.0,0.0,0.0,13.815
0.0,0.0,0.0,13.426
0.0,0.0,0.0,12.914
0.0,0.0,0.0,12.188
0.0,0.0,0.0,11.429
0.0,0.0,0.0,10.84
0.0,0.0,0.0,10.361
0.004,0.011,0.002,10.222
0.362,0.358,0.05,10.349
0.601,0.607,0.097,11.693
0.7010000000000001,0.726,0.125,14.086
0.747,0.791,0.139,16.065
0.764,0.8170000000000001,0.146,17.528
0.761,0.8190000000000001,0.147,18.644
0.742,0.801,0.139,19.448
0.6940000000000001,0.749,0.123,19.899
0.597,0.637,0.093,19.839
0.372,0.393,0.045,18.946
0.0,0.005,0.001,17.209
0.0,0.0,0.0,15.792
0.0,0.0,0.0,14.741
0.0,0.0,0.0,13.977
0.0,0.0,0.0,13.561
0.0,0.0,0.0,13.114
0.0,0.0,0.0,12.474
0.0,0.0,0.0,11.743
0.0,0.0,0.0,11.175
0.0,0.0,0.0,10.74
0.0,0.0,0.0,10.396
0.0,0.0,0.0,10.145
0.0,0.0,0.0,9.953
0.003,0.01,0.002,9.811
0.309,0.299,0.05,10.163
0.533,0.515,0.10200000000000001,11.613
0.641,0.632,0.135,14.121
0.715,0.726,0.156,16.188
0.753,0.787,0.159,17.401
0.748,0.781,0.161,18.07
0.722,0.752,0.153,18.477
0.675,0.7030000000000001,0.133,18.632
0.5640000000000001,0.58,0.1,18.446
0.329,0.338,0.046,17.675
0.0,0.003,0.001,16.632
0.0,0.0,0.0,15.787
0.0,0.0,0.0,15.08
0.0,0.0,0.0,14.498
0.0,0.0,0.0,13.89
0.0,0.0,0.0,13.38
0.0,0.0,0.0,13.023
0.0,0.0,0.0,12.75
0.0,0.0,0.0,11.937
0.0,0.0,0.0,11.152
0.0,0.0,0.0,10.623
0.0,0.0,0.0,10.514
0.0,0.0,0.0,10.741
0.0,0.002,0.001,10.448
0.089,0.067,0.044,10.043
0.183,0.099,0.112,10.069
0.195,0.066,0.159,10.076
0.166,0.018000000000000002,0.17400000000000002,10.056
0.14100000000000001,0.01,0.156,9.882
0.11800000000000001,0.007,0.135,9.642
0.093,0.005,0.109,9.548
0.082,0.007,0.096,9.396
0.073,0.015,0.079,8.965
0.011,0.004,0.019,8.175
0.0,0.0,0.0,7.602
0.0,0.0,0.0,7.111
0.0,0.0,0.0,6.793
0.0,0.0,0.0,7.9510000000000005
0.0,0.0,0.0,10.122
0.0,0.0,0.0,12.151
0.0,0.0,0.0,13.018
0.0,0.0,0.0,13.217
0.0,0.0,0.0,13.273
0.0,0.0,0.0,12.859
0.0,0.0,0.0,12.615
0.0,0.0,0.0,12.659
0.0,0.0,0.0,12.552
0.0,0.0,0.001,12.398
0.018000000000000002,0.007,0.026000000000000002,12.516
0.058,0.009000000000000001,0.069,12.924
0.14200000000000002,0.023,0.146,13.517
0.41400000000000003,0.244,0.234,14.371
0.299,0.099,0.247,14.955
0.268,0.075,0.23500000000000001,15.194
0.372,0.199,0.232,15.523
0.432,0.326,0.178,15.88
0.255,0.18,0.116,15.908
0.08600000000000001,0.07200000000000001,0.039,15.606
0.0,0.001,0.0,15.152
0.0,0.0,0.0,14.796
0.0,0.0,0.0,14.412
0.0,0.0,0.0,13.958
0.0,0.0,0.0,13.509
0.0,0.0,0.0,13.127
0.0,0.0,0.0,12.864
0.0,0.0,0.0,12.637
0.0,0.0,0.0,12.473
0.0,0.0,0.0,12.291
0.0,0.0,0.0,12.11
0.0,0.0,0.0,11.938
0.0,0.0,0.0,11.931000000000001
0.0,0.004,0.001,12.049
0.255,0.242,0.05,12.418
0.495,0.465,0.11,13.551
0.612,0.581,0.15,14.861
0.684,0.678,0.158,15.79
0.709,0.708,0.167,16.415
0.706,0.704,0.168,16.764
0.677,0.672,0.16,17.006
0.617,0.61,0.138,17.14
0.496,0.486,0.1,17.078
0.232,0.23,0.042,16.576999999999998
0.0,0.001,0.0,15.441
0.0,0.0,0.0,14.773
0.0,0.0,0.0,14.571
0.0,0.0,0.0,14.832
0.0,0.0,0.0,14.864
0.0,0.0,0.0,14.552
0.0,0.0,0.0,14.141
0.0,0.0,0.0,13.566
0.0,0.0,0.0,13.231
0.0,0.0,0.0,13.323
0.0,0.0,0.0,13.194
0.0,0.0,0.0,12.804
0.0,0.0,0.0,12.333
0.0,0.004,0.001,11.935
0.298,0.293,0.046,12.081
0.542,0.537,0.097,13.437
0.654,0.661,0.13,15.197
0.6970000000000001,0.6970000000000001,0.159,16.135
0.721,0.726,0.168,16.712
0.726,0.736,0.167,17.083
0.711,0.728,0.155,17.308
0.657,0.672,0.134,17.411
0.545,0.554,0.098,17.239
0.304,0.312,0.042,16.531
0.0,0.001,0.0,15.104
0.0,0.0,0.0,14.207
0.0,0.0,0.0,13.93
0.0,0.0,0.0,13.966
0.0,0.0,0.0,14.119
0.0,0.0,0.0,14.277
0.0,0.0,0.0,14.427
0.0,0.0,0.0,14.567
0.0,0.0,0.0,14.572
0.0,0.0,0.0,14.446
0.0,0.0,0.0,14.206
0.0,0.0,0.0,13.837
0.0,0.0,0.0,13.565
0.0,0.0,0.0,13.491
0.043000000000000003,0.029,0.033,13.813
0.138,0.066,0.1,14.604
0.262,0.132,0.17200000000000001,15.847
0.586,0.525,0.181,17.052
0.673,0.656,0.17400000000000002,18.071
0.706,0.722,0.162,18.892
0.6970000000000001,0.724,0.148,19.466
0.64,0.662,0.129,19.706
0.52,0.531,0.095,19.494
0.298,0.309,0.04,18.509
0.0,0.001,0.0,17.115
0.0,0.0,0.0,16.189
0.0,0.0,0.0,15.592
0.0,0.0,0.0,15.131
0.0,0.0,0.0,14.719
0.0,0.0,0.0,14.352
0.0,0.0,0.0,13.942
0.0,0.0,0.0,13.511
0.0,0.0,0.0,12.953
0.0,0.0,0.0,12.406
0.0,0.0,0.0,11.879
0.0,0.0,0.0,11.529
0.0,0.0,0.0,11.168
0.0,0.003,0.001,10.852
0.299,0.294,0.044,11.018
0.554,0.553,0.094,12.447
0.665,0.679,0.125,14.794
0.717,0.75,0.14200000000000002,17.376
0.732,0.773,0.151,19.196
0.727,0.77,0.152,20.325
0.705,0.748,0.14400000000000002,20.861
0.649,0.683,0.126,20.931
0.532,0.552,0.093,20.452
0.28800000000000003,0.30000000000000004,0.039,19.151
0.0,0.001,0.0,17.485
0.0,0.0,0.0,16.243
0.0,0.0,0.0,15.467
0.0,0.0,0.0,15.073
0.0,0.0,0.0,15.062
0.0,0.0,0.0,15.173
0.0,0.0,0.0,15.138
0.0,0.0,0.0,14.919
0.0,0.0,0.0,14.406
0.0,0.0,0.0,13.795
0.0,0.0,0.0,13.317
0.0,0.0,0.0,13.06
0.0,0.0,0.0,12.926
0.0,0.002,0.001,12.941
0.217,0.20800000000000002,0.043000000000000003,13.476
0.445,0.41600000000000004,0.10200000000000001,15.223
0.5650000000000001,0.536,0.14100000000000001,17.427
0.624,0.589,0.17300000000000001,18.354
0.649,0.614,0.186,18.905
0.641,0.602,0.189,19.234
0.592,0.54,0.181,19.365
0.46,0.388,0.16,19.232
0.25,0.189,0.106,18.786
0.109,0.10200000000000001,0.035,17.988
0.0,0.0,0.0,16.785
0.0,0.0,0.0,15.901
0.0,0.0,0.0,15.405
0.0,0.0,0.0,15.105
0.0,0.0,0.0,14.95
0.0,0.0,0.0,14.948
0.0,0.0,0.0,15.006
0.0,0.0,0.0,15.067
0.0,0.0,0.0,14.973
0.0,0.0,0.0,14.921
0.0,0.0,0.0,14.889
0.0,0.0,0.0,14.847
0.0,0.0,0.0,14.815
0.0,0.001,0.0,14.855
0.165,0.154,0.043000000000000003,15.004
0.457,0.431,0.10300000000000001,15.559
0.587,0.5640000000000001,0.14100000000000001,16.934
0.657,0.644,0.163,17.978
0.682,0.674,0.17400000000000002,18.819
0.661,0.637,0.182,19.202
0.56,0.491,0.188,19.267
0.356,0.252,0.168,19.037
0.187,0.122,0.101,18.589
0.10300000000000001,0.097,0.034,17.806
0.0,0.0,0.0,16.584
0.0,0.0,0.0,15.792
0.0,0.0,0.0,15.405
0.0,0.0,0.0,15.211
0.0,0.0,0.0,15.053
0.0,0.0,0.0,14.935
0.0,0.0,0.0,14.724
0.0,0.0,0.0,14.44
0.0,0.0,0.0,14.156
0.0,0.0,0.0,13.796
0.0,0.0,0.0,13.285
0.0,0.0,0.0,12.725999999999999
0.0,0.0,0.0,12.368
0.0,0.001,0.0,12.269
0.198,0.187,0.042,12.355
0.47200000000000003,0.447,0.101,13.769
0.593,0.5680000000000001,0.14,15.421
0.628,0.591,0.17300000000000001,17.182
0.629,0.5760000000000001,0.194,18.547
0.586,0.508,0.20600000000000002,19.247
0.483,0.374,0.20400000000000001,19.491
0.278,0.161,0.166,19.353
0.137,0.075,0.093,18.865
0.06,0.054,0.029,17.946
0.0,0.0,0.0,16.779
0.0,0.0,0.0,16.105
0.0,0.0,0.0,15.68
0.0,0.0,0.0,15.259
0.0,0.0,0.0,14.718
0.0,0.0,0.0,14.128
0.0,0.0,0.0,13.605
0.0,0.0,0.0,13.144
0.0,0.0,0.0,12.953
0.0,0.0,0.0,12.956
0.0,0.0,0.0,12.803
0.0,0.0,0.0,12.523
0.0,0.0,0.0,12.251
0.0,0.001,0.0,12.119
0.244,0.23800000000000002,0.042,12.287
0.51,0.497,0.097,13.575
0.637,0.638,0.132,15.827
0.705,0.733,0.14300000000000002,17.813
0.731,0.77,0.15,18.806
0.735,0.779,0.149,19.234
0.715,0.759,0.14,19.358
0.659,0.6940000000000001,0.122,19.246
0.536,0.556,0.089,18.858
0.275,0.28700000000000003,0.035,17.835
0.0,0.0,0.0,16.684
0.0,0.0,0.0,15.761
0.0,0.0,0.0,14.708
0.0,0.0,0.0,15.009
0.0,0.0,0.0,14.637
0.0,0.0,0.0,14.13
0.0,0.0,0.0,13.285
0.0,0.0,0.0,12.647
0.0,0.0,0.0,12.291
0.0,0.0,0.0,12.012
0.0,0.0,0.0,11.709
0.0,0.0,0.0,11.602
0.0,0.0,0.0,11.64
0.0,0.0,0.0,11.767
0.115,0.10200000000000001,0.037,12.075
0.333,0.275,0.105,12.699
0.463,0.38,0.155,13.581
0.431,0.276,0.223,14.439
0.598,0.497,0.217,15.202
0.554,0.429,0.228,15.629
0.33,0.16,0.221,15.572
0.183,0.065,0.151,15.234
0.234,0.165,0.107,14.836
0.085,0.077,0.032,14.272
0.0,0.0,0.0,13.699
0.0,0.0,0.0,13.378
0.0,0.0,0.0,13.002
0.0,0.0,0.0,12.41
0.0,0.0,0.0,11.924
0.0,0.0,0.0,11.6
0.0,0.0,0.0,11.318
0.0,0.0,0.0,11.133
0.0,0.0,0.0,10.926
0.0,0.0,0.0,10.759
0.0,0.0,0.0,10.622
0.0,0.0,0.0,10.597
0.0,0.0,0.0,10.59
0.0,0.0,0.0,10.523
0.025,0.015,0.025,10.572
0.105,0.041,0.088,10.86
0.256,0.122,0.17,11.448
0.383,0.219,0.218,12.344
0.457,0.28800000000000003,0.23900000000000002,13.368
0.451,0.28400000000000003,0.23800000000000002,14.133
0.305,0.139,0.211,14.392
0.25,0.127,0.162,14.378
0.121,0.06,0.088,14.129
0.069,0.063,0.029,13.607
0.0,0.0,0.0,12.749
0.0,0.0,0.0,12.198
0.0,0.0,0.0,11.742
0.0,0.0,0.0,11.41
0.0,0.0,0.0,11.167
0.0,0.0,0.0,11.048
0.0,0.0,0.0,10.843
0.0,0.0,0.0,10.565
0.0,0.0,0.0,10.296
0.0,0.0,0.0,10.093
0.0,0.0,0.0,9.823
0.0,0.0,0.0,9.572
0.0,0.0,0.0,9.352
0.0,0.0,0.0,9.186
0.20600000000000002,0.196,0.04,9.203
0.526,0.508,0.096,10.305
0.657,0.652,0.13,12.317
0.733,0.765,0.133,13.997
0.755,0.794,0.14100000000000001,14.998
0.754,0.797,0.14100000000000001,15.694
0.731,0.774,0.133,16.215
0.679,0.717,0.115,16.512
0.5640000000000001,0.59,0.083,16.417
0.312,0.329,0.032,15.464
0.0,0.0,0.0,13.876
0.0,0.0,0.0,12.481
0.0,0.0,0.0,11.591
0.0,0.0,0.0,11.336
0.0,0.0,0.0,10.808
0.0,0.0,0.0,10.171
0.0,0.0,0.0,9.635
0.0,0.0,0.0,9.146
0.0,0.0,0.0,8.818
0.0,0.0,0.0,8.635
0.0,0.0,0.0,8.489
0.0,0.0,0.0,8.461
0.0,0.0,0.0,8.443
0.0,0.0,0.0,8.314
0.211,0.202,0.036000000000000004,8.443
0.47200000000000003,0.443,0.092,9.551
0.644,0.639,0.122,11.527
0.6960000000000001,0.6930000000000001,0.147,13.42
0.714,0.715,0.159,14.86
0.709,0.711,0.16,15.721
0.671,0.666,0.153,16.2
0.524,0.47900000000000004,0.14200000000000002,16.394
0.265,0.21,0.098,16.288
0.212,0.221,0.027,15.735
0.0,0.0,0.0,14.84
0.0,0.0,0.0,14.127
0.0,0.0,0.0,13.59
0.0,0.0,0.0,13.269
0.0,0.0,0.0,13.029
0.0,0.0,0.0,12.794
0.0,0.0,0.0,12.564
0.0,0.0,0.0,12.343
0.0,0.0,0.0,12.172
0.0,0.0,0.0,12.233
0.0,0.0,0.0,12.399000000000001
0.0,0.0,0.0,12.624
0.0,0.0,0.0,12.796
0.0,0.0,0.0,12.917
0.1,0.09,0.034,12.888
0.521,0.516,0.089,13.051
0.647,0.652,0.123,13.7
0.686,0.687,0.145,14.596
0.6920000000000001,0.683,0.161,15.274000000000001
0.671,0.649,0.167,15.756
0.579,0.521,0.171,16.086
0.578,0.56,0.131,16.515
0.436,0.419,0.091,16.777
0.323,0.34900000000000003,0.026000000000000002,16.435
0.0,0.0,0.0,15.687
0.0,0.0,0.0,15.063
0.0,0.0,0.0,14.47
0.0,0.0,0.0,13.8
0.0,0.0,0.0,13.129
0.0,0.0,0.0,12.47
0.0,0.0,0.0,11.596
0.0,0.0,0.0,10.857
0.0,0.0,0.0,10.278
0.0,0.0,0.0,9.844
0.0,0.0,0.0,9.527
0.0,0.0,0.0,9.172
0.0,0.0,0.0,8.866
0.0,0.0,0.0,8.659
0.246,0.242,0.035,8.823
0.536,0.528,0.08700000000000001,10.094
0.661,0.668,0.11800000000000001,12.226
0.723,0.755,0.129,14.212
0.744,0.785,0.137,15.632
0.743,0.79,0.137,16.592
0.721,0.769,0.129,17.387
0.667,0.71,0.111,17.891
0.548,0.577,0.08,17.938
0.388,0.43,0.023,17.334
0.0,0.0,0.0,16.384
0.0,0.0,0.0,14.91
0.0,0.0,0.0,13.543
0.0,0.0,0.0,12.504
0.0,0.0,0.0,12.281
0.0,0.0,0.0,12.185
0.0,0.0,0.0,11.621
0.0,0.0,0.0,11.136
0.0,0.0,0.0,10.706
0.0,0.0,0.0,10.186
0.0,0.0,0.0,9.644
0.0,0.0,0.0,9.253
0.0,0.0,0.0,9.014
0.0,0.0,0.0,8.922
0.23700000000000002,0.234,0.033,8.996
0.519,0.51,0.084,10.238
0.645,0.651,0.116,12.533
0.6960000000000001,0.711,0.138,14.974
0.718,0.742,0.146,16.44
0.718,0.746,0.146,17.184
0.6960000000000001,0.725,0.137,17.612
0.639,0.664,0.117,17.78
0.515,0.53,0.083,17.619
0.335,0.367,0.023,16.657
0.0,0.0,0.0,15.165
0.0,0.0,0.0,14.483
0.0,0.0,0.0,14.778
0.0,0.0,0.0,14.224
0.0,0.0,0.0,12.641
0.0,0.0,0.0,11.401
0.0,0.0,0.0,11.166
0.0,0.0,0.0,10.657
0.0,0.0,0.0,9.818
0.0,0.0,0.0,9.228
0.0,0.0,0.0,8.924
0.0,0.0,0.0,9.294
0.0,0.0,0.0,9.639
0.0,0.0,0.0,9.884
0.068,0.06,0.028,10.09
0.537,0.537,0.083,11.072
0.663,0.679,0.114,13.113
0.722,0.76,0.128,15.389
0.737,0.784,0.137,17.168
0.731,0.78,0.138,18.507
0.705,0.753,0.131,19.41
0.645,0.686,0.113,19.865
0.52,0.546,0.081,19.725
0.34400000000000003,0.382,0.022,18.776
0.0,0.0,0.0,17.322
0.0,0.0,0.0,15.616
0.0,0.0,0.0,14.048
0.0,0.0,0.0,12.903
0.0,0.0,0.0,12.506
0.0,0.0,0.0,12.12
0.0,0.0,0.0,11.334
0.0,0.0,0.0,10.772
0.0,0.0,0.0,10.473
0.0,0.0,0.0,10.336
0.0,0.0,0.0,10.213
0.0,0.0,0.0,10.176
0.0,0.0,0.0,10.485
0.0,0.0,0.0,10.999
0.159,0.155,0.032,11.415
0.533,0.538,0.082,12.63
0.519,0.47400000000000003,0.134,14.481
0.223,0.062,0.198,15.984
0.299,0.107,0.242,17.531
0.324,0.135,0.247,19.261
0.28500000000000003,0.122,0.216,20.34
0.10400000000000001,0.021,0.113,20.334
0.029,0.005,0.041,19.699
0.004,0.004,0.01,18.985
0.0,0.0,0.0,18.315
0.0,0.0,0.0,17.774
0.0,0.0,0.0,17.436
0.0,0.0,0.0,17.227
0.0,0.0,0.0,17.046
0.0,0.0,0.0,16.916
0.0,0.0,0.0,16.787
0.0,0.0,0.0,16.732
0.0,0.0,0.0,16.679
0.0,0.0,0.0,16.522
0.0,0.0,0.0,15.837
0.0,0.0,0.0,14.675
0.0,0.0,0.0,13.725
0.0,0.0,0.0,14.091
0.013000000000000001,0.008,0.018000000000000002,13.8
0.035,0.006,0.047,13.551
0.063,0.007,0.078,13.122
0.101,0.014,0.112,13.088
0.273,0.101,0.212,13.204
0.549,0.445,0.2,13.998
0.623,0.586,0.16,14.854
0.604,0.597,0.125,15.168
0.5,0.502,0.085,15.049
0.302,0.324,0.023,14.346
0.0,0.0,0.0,13.102
0.0,0.0,0.0,12.413
0.0,0.0,0.0,11.94
0.0,0.0,0.0,11.459
0.0,0.0,0.0,10.935
0.0,0.0,0.0,10.375
0.0,0.0,0.0,9.876
0.0,0.0,0.0,9.76
0.0,0.0,0.0,9.534
0.0,0.0,0.0,9.138
0.0,0.0,0.0,8.668
0.0,0.0,0.0,8.297
0.0,0.0,0.0,8.006
0.0,0.0,0.0,7.812
0.246,0.244,0.032,7.893
0.526,0.515,0.085,9.128
0.651,0.65,0.11900000000000001,11.368
0.725,0.76,0.122,13.327
0.746,0.79,0.129,14.571
0.748,0.796,0.129,15.124
0.726,0.772,0.122,15.356
0.671,0.71,0.105,15.329
0.543,0.5660000000000001,0.075,15.052
0.326,0.355,0.02,14.342
0.0,0.0,0.0,13.234
0.0,0.0,0.0,12.312
0.0,0.0,0.0,11.495
0.0,0.0,0.0,10.936
0.0,0.0,0.0,10.558
0.0,0.0,0.0,10.164
0.0,0.0,0.0,9.741
0.0,0.0,0.0,9.431
0.0,0.0,0.0,9.221
0.0,0.0,0.0,9.105
0.0,0.0,0.0,9.06
0.0,0.0,0.0,9.134
0.0,0.0,0.0,9.175
0.0,0.0,0.0,9.155
0.263,0.267,0.029,9.098
0.531,0.532,0.078,10.189
0.639,0.646,0.11,11.99
0.616,0.5680000000000001,0.163,13.384
0.374,0.20600000000000002,0.224,14.105
0.354,0.185,0.223,14.666
0.318,0.17,0.197,15.179
0.16,0.061,0.13,15.353
0.129,0.076,0.081,15.297
0.038,0.039,0.018000000000000002,14.908
0.0,0.0,0.0,14.328
0.0,0.0,0.0,13.82
0.0,0.0,0.0,13.37
0.0,0.0,0.0,13.038
0.0,0.0,0.0,12.819
0.0,0.0,0.0,12.751
0.0,0.0,0.0,12.847
0.0,0.0,0.0,12.894
0.0,0.0,0.0,12.824
0.0,0.0,0.0,12.701
0.0,0.0,0.0,12.574
0.0,0.0,0.0,12.431
0.0,0.0,0.0,12.267
0.0,0.0,0.0,12.12
0.20600000000000002,0.20700000000000002,0.031,12.229
0.482,0.47000000000000003,0.08700000000000001,13.233
0.601,0.591,0.126,14.722
0.687,0.712,0.129,15.96
0.712,0.744,0.137,16.725
0.725,0.769,0.133,17.171
0.6930000000000001,0.729,0.127,17.452
0.641,0.675,0.108,17.598
0.509,0.529,0.076,17.438
0.28500000000000003,0.312,0.02,16.811
0.0,0.0,0.0,15.914
0.0,0.0,0.0,15.17
0.0,0.0,0.0,14.49
0.0,0.0,0.0,13.942
0.0,0.0,0.0,13.523
0.0,0.0,0.0,13.159
0.0,0.0,0.0,12.749
0.0,0.0,0.0,12.38
0.0,0.0,0.0,12.026
0.0,0.0,0.0,11.861
0.0,0.0,0.0,11.842
0.0,0.0,0.0,12.018
0.0,0.0,0.0,12.511
0.0,0.0,0.0,12.571
0.217,0.222,0.028,12.738
0.47700000000000004,0.47300000000000003,0.08,13.682
0.5690000000000001,0.556,0.11900000000000001,15.037
0.61,0.584,0.15,16.33
0.68,0.6890000000000001,0.149,17.488
0.686,0.704,0.147,18.42
0.658,0.676,0.137,18.894
0.602,0.619,0.115,18.894
0.47400000000000003,0.484,0.079,18.51
0.26,0.28400000000000003,0.02,17.583
0.0,0.0,0.0,16.363
0.0,0.0,0.0,15.521
0.0,0.0,0.0,15.055
0.0,0.0,0.0,14.778
0.0,0.0,0.0,14.584
0.0,0.0,0.0,14.432
0.0,0.0,0.0,14.3
0.0,0.0,0.0,14.177
0.0,0.0,0.0,14.169
0.0,0.0,0.0,14.158
0.0,0.0,0.0,14.124
0.0,0.0,0.0,14.12
0.0,0.0,0.0,14.243
0.0,0.0,0.0,14.342
0.111,0.11,0.027,14.572
0.405,0.384,0.08600000000000001,15.494
0.289,0.191,0.145,16.537
0.397,0.264,0.201,17.589
0.369,0.20600000000000002,0.227,18.477
0.31,0.14100000000000001,0.223,18.966
0.184,0.053,0.168,18.872
0.125,0.038,0.11800000000000001,18.457
0.081,0.037,0.069,17.958
0.044,0.045,0.019,17.394
0.0,0.0,0.0,16.872
0.0,0.0,0.0,16.636
0.0,0.0,0.0,16.559
0.0,0.0,0.0,16.626
0.0,0.0,0.0,16.787
0.0,0.0,0.0,16.921
0.0,0.0,0.0,16.897
0.0,0.0,0.0,16.745
0.0,0.0,0.0,16.576
0.0,0.0,0.0,16.544
0.0,0.0,0.0,16.549
0.0,0.0,0.0,16.642
0.0,0.0,0.0,16.791
0.0,0.0,0.0,16.807
0.017,0.014,0.017,16.782
0.419,0.4,0.091,17.258
0.5680000000000001,0.554,0.132,18.205
0.654,0.67,0.138,19.135
0.663,0.672,0.152,19.752
0.658,0.664,0.154,20.09
0.632,0.64,0.14200000000000002,20.277
0.581,0.594,0.117,20.345
0.443,0.448,0.08,20.121
0.228,0.251,0.02,19.376
0.0,0.0,0.0,18.016
0.0,0.0,0.0,16.773
0.0,0.0,0.0,16.019
0.0,0.0,0.0,15.241
0.0,0.0,0.0,14.485
0.0,0.0,0.0,13.823
0.0,0.0,0.0,13.421
0.0,0.0,0.0,13.083
0.0,0.0,0.0,13.055
0.0,0.0,0.0,13.148
0.0,0.0,0.0,13.163
0.0,0.0,0.0,13.126
0.0,0.0,0.0,13.133
0.0,0.0,0.0,13.086
0.043000000000000003,0.04,0.021,13.298
0.194,0.14,0.08700000000000001,14.355
0.353,0.265,0.14400000000000002,15.845
0.385,0.247,0.201,16.913
0.328,0.158,0.225,17.664
0.28800000000000003,0.11900000000000001,0.219,18.366
0.428,0.311,0.195,19.117
0.5,0.461,0.139,19.569
0.259,0.214,0.092,19.4
0.148,0.159,0.021,18.406
0.0,0.0,0.0,17.084
0.0,0.0,0.0,16.255
0.0,0.0,0.0,15.728
0.0,0.0,0.0,15.296
0.0,0.0,0.0,15.054
0.0,0.0,0.0,14.962
0.0,0.0,0.0,14.972
0.0,0.0,0.0,15.003
0.0,0.0,0.0,14.926
0.0,0.0,0.0,14.749
0.0,0.0,0.0,14.519
0.0,0.0,0.0,14.289
0.0,0.0,0.0,14.056
0.0,0.0,0.0,13.978
0.002,0.002,0.007,14.034
0.028,0.006,0.038,14.335
0.113,0.029,0.111,15.023
0.458,0.353,0.185,16.968
0.5720000000000001,0.51,0.185,19.213
0.449,0.327,0.209,20.118
0.41400000000000003,0.305,0.188,20.219
0.329,0.241,0.146,19.643
0.223,0.178,0.08700000000000001,18.576
0.056,0.06,0.017,17.467
0.0,0.0,0.0,16.754
0.0,0.0,0.0,16.379
0.0,0.0,0.0,16.11
0.0,0.0,0.0,15.943
0.0,0.0,0.0,15.807
0.0,0.0,0.0,15.632
0.0,0.0,0.0,15.377
0.0,0.0,0.0,15.177
0.0,0.0,0.0,15.193
0.0,0.0,0.0,15.256
0.0,0.0,0.0,15.236
0.0,0.0,0.0,15.23
0.0,0.0,0.0,15.245
0.0,0.0,0.0,15.306
0.048,0.046,0.022,15.337
0.198,0.14400000000000002,0.089,15.811
0.37,0.28300000000000003,0.147,16.612
0.484,0.385,0.187,17.195
0.5630000000000001,0.482,0.195,17.543
0.5,0.386,0.20800000000000002,17.543
0.449,0.338,0.19,17.333
0.36,0.27,0.149,16.984
0.10300000000000001,0.055,0.074,16.449
0.018000000000000002,0.019,0.013000000000000001,15.854
0.0,0.0,0.0,15.352
0.0,0.0,0.0,15.05
0.0,0.0,0.0,14.777
0.0,0.0,0.0,14.546
0.0,0.0,0.0,14.261
0.0,0.0,0.0,14.074
0.0,0.0,0.0,14.051
0.0,0.0,0.0,13.846
0.0,0.0,0.0,13.564
0.0,0.0,0.0,13.354
0.0,0.0,0.0,13.106
0.0,0.0,0.0,13.058
0.0,0.0,0.0,13.191
0.0,0.0,0.0,13.327
0.007,0.006,0.011,13.459
0.051000000000000004,0.016,0.055,14.283
0.161,0.061,0.132,15.414
0.323,0.186,0.188,16.182
0.516,0.418,0.193,16.855
0.589,0.534,0.176,17.259
0.577,0.537,0.157,17.337
0.527,0.502,0.126,17.152
0.355,0.329,0.083,16.713
0.113,0.122,0.018000000000000002,15.885
0.0,0.0,0.0,14.863
0.0,0.0,0.0,14.232
0.0,0.0,0.0,13.88
0.0,0.0,0.0,13.564
0.0,0.0,0.0,13.479
0.0,0.0,0.0,13.666
0.0,0.0,0.0,13.916
0.0,0.0,0.0,14.12
0.0,0.0,0.0,14.206
0.0,0.0,0.0,14.181
0.0,0.0,0.0,14.124
0.0,0.0,0.0,14.025
0.0,0.0,0.0,13.922
0.0,0.0,0.0,13.69
0.034,0.033,0.019,13.478
0.269,0.222,0.089,14.257
0.488,0.439,0.132,15.494
0.584,0.543,0.158,16.84
0.601,0.555,0.17400000000000002,17.873
0.604,0.562,0.17200000000000001,18.515
0.303,0.169,0.187,18.638
0.252,0.156,0.14100000000000001,18.573
0.163,0.116,0.081,18.278
0.07,0.076,0.018000000000000002,17.518
0.0,0.0,0.0,16.466
0.0,0.0,0.0,15.866
0.0,0.0,0.0,15.565
0.0,0.0,0.0,15.381
0.0,0.0,0.0,15.19
0.0,0.0,0.0,15.06
0.0,0.0,0.0,14.915
0.0,0.0,0.0,14.747
0.0,0.0,0.0,14.538
0.0,0.0,0.0,14.379
0.0,0.0,0.0,14.23
0.0,0.0,0.0,14.126
0.0,0.0,0.0,14.029
0.0,0.0,0.0,13.972
0.057,0.057,0.022,14.174
0.274,0.229,0.089,15.14
0.47700000000000004,0.426,0.134,16.568
0.561,0.511,0.163,18.028
0.526,0.44,0.192,19.141
0.597,0.557,0.17400000000000002,19.968
0.611,0.604,0.15,20.393
0.527,0.512,0.126,20.425
0.243,0.20400000000000001,0.085,19.98
0.046,0.051000000000000004,0.016,18.997
0.0,0.0,0.0,17.919
0.0,0.0,0.0,17.21
0.0,0.0,0.0,16.71
0.0,0.0,0.0,16.361
0.0,0.0,0.0,16.072
0.0,0.0,0.0,15.785
0.0,0.0,0.0,15.529
0.0,0.0,0.0,15.344
0.0,0.0,0.0,15.093
0.0,0.0,0.0,14.748
0.0,0.0,0.0,14.521
0.0,0.0,0.0,14.375
0.0,0.0,0.0,14.196
0.0,0.0,0.0,13.952
0.017,0.017,0.015,13.811
0.041,0.013000000000000001,0.047,14.171
0.253,0.149,0.14400000000000002,15.497
0.384,0.246,0.203,17.542
0.214,0.057,0.197,18.779
0.163,0.03,0.168,19.149
0.094,0.012,0.109,18.911
0.04,0.004,0.055,18.089
0.014,0.003,0.025,17.076
0.0,0.002,0.005,16.265
0.0,0.0,0.0,15.65
0.0,0.0,0.0,15.043
0.0,0.0,0.0,14.633
0.0,0.0,0.0,14.388
0.0,0.0,0.0,14.061
0.0,0.0,0.0,13.695
0.0,0.0,0.0,13.239
0.0,0.0,0.0,12.736
0.0,0.0,0.0,12.318
0.0,0.0,0.0,12.001
0.0,0.0,0.0,11.856
0.0,0.0,0.0,11.852
0.0,0.0,0.0,11.941
0.0,0.0,0.0,12.035
0.163,0.169,0.023,12.285
0.30000000000000004,0.248,0.095,13.189
0.439,0.358,0.151,14.45
0.586,0.547,0.153,15.721
0.5750000000000001,0.513,0.176,16.656
0.441,0.316,0.2,16.87
0.34400000000000003,0.217,0.183,16.537
0.311,0.221,0.139,15.963
0.17300000000000001,0.126,0.079,15.399000000000001
0.068,0.074,0.016,14.787
0.0,0.0,0.0,14.216
0.0,0.0,0.0,13.789
0.0,0.0,0.0,13.37
0.0,0.0,0.0,12.815
0.0,0.0,0.0,12.169
0.0,0.0,0.0,11.719
0.0,0.0,0.0,11.378
0.0,0.0,0.0,11.072
0.0,0.0,0.0,10.784
0.0,0.0,0.0,10.445
0.0,0.0,0.0,10.108
0.0,0.0,0.0,9.764
0.0,0.0,0.0,9.429
0.0,0.0,0.0,9.14
0.325,0.34400000000000003,0.02,9.007
0.518,0.516,0.076,9.967
0.645,0.655,0.109,12.044
0.713,0.751,0.117,13.937
0.731,0.776,0.125,15.177
0.728,0.775,0.125,15.97
0.7020000000000001,0.748,0.117,16.542
0.642,0.682,0.1,16.864
0.509,0.534,0.069,16.772
0.25,0.275,0.016,15.875
0.0,0.0,0.0,14.558
0.0,0.0,0.0,13.111
0.0,0.0,0.0,11.911
0.0,0.0,0.0,11.569
0.0,0.0,0.0,11.346
0.0,0.0,0.0,10.635
0.0,0.0,0.0,10.013
0.0,0.0,0.0,9.465
0.0,0.0,0.0,8.992
0.0,0.0,0.0,8.622
0.0,0.0,0.0,8.319
0.0,0.0,0.0,8.062
0.0,0.0,0.0,7.895
0.0,0.0,0.0,7.827
0.322,0.341,0.019,7.831
0.528,0.53,0.07100000000000001,8.841
0.655,0.672,0.101,10.986
0.6970000000000001,0.715,0.126,13.172
0.714,0.741,0.135,15.048
0.708,0.738,0.135,16.586
0.678,0.708,0.126,17.291
0.611,0.633,0.107,17.449
0.463,0.47200000000000003,0.073,17.067
0.20500000000000002,0.224,0.016,15.721
0.0,0.0,0.0,13.912
0.0,0.0,0.0,13.018
0.0,0.0,0.0,12.587
0.0,0.0,0.0,12.142
0.0,0.0,0.0,11.661
0.0,0.0,0.0,11.136
0.0,0.0,0.0,10.621
0.0,0.0,0.0,10.207
0.0,0.0,0.0,9.839
0.0,0.0,0.0,9.481
0.0,0.0,0.0,9.254
0.0,0.0,0.0,9.489
0.0,0.0,0.0,9.635
0.0,0.0,0.0,9.404
0.08600000000000001,0.089,0.019,9.186
0.161,0.109,0.078,9.84
0.399,0.319,0.134,11.358
0.523,0.434,0.177,13.689
0.322,0.155,0.216,15.3
0.263,0.1,0.20600000000000002,16.238
0.23500000000000001,0.095,0.181,16.981
0.128,0.042,0.115,17.272
0.034,0.01,0.043000000000000003,16.776
0.003,0.004,0.007,15.972
0.0,0.0,0.0,15.206
0.0,0.0,0.0,14.429
0.0,0.0,0.0,13.722
0.0,0.0,0.0,13.253
0.0,0.0,0.0,12.7
0.0,0.0,0.0,12.215
0.0,0.0,0.0,12.056
0.0,0.0,0.0,11.807
0.0,0.0,0.0,11.497
0.0,0.0,0.0,11.081
0.0,0.0,0.0,10.681000000000001
0.0,0.0,0.0,10.345
0.0,0.0,0.0,10.154
0.0,0.0,0.0,10.065
0.16,0.165,0.021,10.081
0.331,0.28600000000000003,0.09,11.156
0.435,0.355,0.14400000000000002,12.496
0.592,0.556,0.146,14.359
0.617,0.587,0.158,16.367
0.559,0.501,0.171,17.838
0.522,0.46900000000000003,0.156,18.298
0.487,0.458,0.122,18.472
0.357,0.342,0.077,18.272
0.163,0.179,0.016,17.119
0.0,0.0,0.0,15.491
0.0,0.0,0.0,14.544
0.0,0.0,0.0,13.878
0.0,0.0,0.0,13.072
0.0,0.0,0.0,12.551
0.0,0.0,0.0,12.162
0.0,0.0,0.0,11.681000000000001
0.0,0.0,0.0,11.159
0.0,0.0,0.0,10.915
0.0,0.0,0.0,10.857
0.0,0.0,0.0,10.817
0.0,0.0,0.0,10.807
0.0,0.0,0.0,10.786
0.0,0.0,0.0,10.762
0.278,0.297,0.019,10.857
0.486,0.484,0.075,11.629
0.62,0.625,0.108,12.652
0.681,0.6960000000000001,0.124,13.616
0.7010000000000001,0.719,0.134,14.493
0.6970000000000001,0.718,0.134,15.22
0.67,0.6910000000000001,0.124,15.702
0.605,0.621,0.105,15.92
0.463,0.47100000000000003,0.07100000000000001,15.702
0.21,0.229,0.015,14.925
0.0,0.0,0.0,13.901
0.0,0.0,0.0,13.129
0.0,0.0,0.0,12.593
0.0,0.0,0.0,12.148
0.0,0.0,0.0,11.727
0.0,0.0,0.0,11.352
0.0,0.0,0.0,11.0
0.0,0.0,0.0,10.721
0.0,0.0,0.0,10.541
0.0,0.0,0.0,10.355
0.0,0.0,0.0,10.109
0.0,0.0,0.0,9.928
0.0,0.0,0.0,9.799
0.0,0.0,0.0,9.684
0.296,0.315,0.018000000000000002,9.636
0.497,0.495,0.073,10.446
0.64,0.655,0.10300000000000001,11.922
0.6970000000000001,0.722,0.121,13.523
0.716,0.747,0.13,14.894
0.709,0.743,0.13,16.035
0.671,0.6980000000000001,0.124,16.826
0.581,0.591,0.107,17.209
0.40800000000000003,0.404,0.073,17.12
0.14300000000000002,0.158,0.016,16.301
0.0,0.0,0.0,15.181
0.0,0.0,0.0,14.147
0.0,0.0,0.0,13.464
0.0,0.0,0.0,13.024
0.0,0.0,0.0,12.694
0.0,0.0,0.0,12.433
0.0,0.0,0.0,12.151
0.0,0.0,0.0,11.831
0.0,0.0,0.0,11.492
0.0,0.0,0.0,11.145
0.0,0.0,0.0,10.786
0.0,0.0,0.0,10.451
0.0,0.0,0.0,10.173
0.0,0.0,0.0,9.915
0.272,0.289,0.018000000000000002,9.801
0.487,0.483,0.073,10.769
0.637,0.652,0.10300000000000001,12.551
0.6930000000000001,0.722,0.12,14.46
0.711,0.748,0.129,16.062
0.706,0.746,0.129,17.16
0.677,0.715,0.12,17.736
0.612,0.642,0.10200000000000001,17.876
0.47000000000000003,0.486,0.069,17.617
0.21,0.232,0.015,16.439
0.0,0.0,0.0,14.701
0.0,0.0,0.0,13.856
0.0,0.0,0.0,13.159
0.0,0.0,0.0,12.285
0.0,0.0,0.0,11.578
0.0,0.0,0.0,11.014
0.0,0.0,0.0,10.528
0.0,0.0,0.0,10.077
0.0,0.0,0.0,9.667
0.0,0.0,0.0,9.329
0.0,0.0,0.0,9.171
0.0,0.0,0.0,9.15
0.0,0.0,0.0,8.909
0.0,0.0,0.0,8.64
0.262,0.277,0.018000000000000002,8.715
0.538,0.546,0.07,9.742
0.665,0.6910000000000001,0.099,11.836
0.717,0.761,0.114,14.079
0.733,0.786,0.122,15.883
0.727,0.784,0.122,17.083
0.6980000000000001,0.752,0.114,17.805
0.634,0.678,0.097,18.02
0.495,0.521,0.067,17.708
0.223,0.246,0.015,16.387
0.0,0.0,0.0,14.488
0.0,0.0,0.0,13.33
0.0,0.0,0.0,12.468
0.0,0.0,0.0,12.035
0.0,0.0,0.0,11.812
0.0,0.0,0.0,11.359
0.0,0.0,0.0,10.972
0.0,0.0,0.0,10.687
0.0,0.0,0.0,10.465
0.0,0.0,0.0,9.97
0.0,0.0,0.0,9.543
0.0,0.0,0.0,9.306
0.0,0.0,0.0,9.144
0.0,0.0,0.0,8.99
0.329,0.352,0.017,8.948
0.548,0.562,0.069,10.176
0.663,0.6930000000000001,0.098,12.422
0.6900000000000001,0.713,0.126,14.849
0.631,0.607,0.155,16.151
0.277,0.128,0.195,16.264
0.20400000000000001,0.08,0.16,15.862
0.492,0.455,0.122,15.45
0.443,0.44,0.073,14.572
0.196,0.213,0.016,13.275
0.0,0.0,0.0,12.03
0.0,0.0,0.0,11.135
0.0,0.0,0.0,10.532
0.0,0.0,0.0,10.125
0.0,0.0,0.0,9.838
0.0,0.0,0.0,9.704
0.0,0.0,0.0,9.617
0.0,0.0,0.0,9.568
0.0,0.0,0.0,9.492
0.0,0.0,0.0,9.366
0.0,0.0,0.0,9.136
0.0,0.0,0.0,8.903
0.0,0.0,0.0,8.646
0.0,0.0,0.0,8.467
0.313,0.333,0.018000000000000002,8.525
0.534,0.538,0.073,9.384
0.657,0.671,0.105,10.81
0.718,0.751,0.116,12.273
0.735,0.774,0.124,13.603
0.726,0.765,0.125,14.549
0.683,0.71,0.12,14.906
0.607,0.621,0.10300000000000001,14.863
0.456,0.46,0.07,14.507
0.196,0.214,0.015,13.808
0.0,0.0,0.0,13.023
0.0,0.0,0.0,12.371
0.0,0.0,0.0,11.723
0.0,0.0,0.0,11.067
0.0,0.0,0.0,10.368
0.0,0.0,0.0,9.644
0.0,0.0,0.0,9.104
0.0,0.0,0.0,8.718
0.0,0.0,0.0,8.392
0.0,0.0,0.0,8.141
0.0,0.0,0.0,7.998
0.0,0.0,0.0,7.857
0.0,0.0,0.0,7.695
0.0,0.0,0.0,7.485
0.315,0.333,0.017,7.361
0.546,0.552,0.069,8.13
0.663,0.679,0.1,9.641
0.714,0.738,0.11800000000000001,11.338
0.731,0.762,0.126,12.600999999999999
0.735,0.772,0.124,13.363
0.706,0.74,0.116,13.727
0.641,0.667,0.099,13.837
0.493,0.505,0.068,13.676
0.218,0.23700000000000002,0.015,12.778
0.0,0.0,0.0,11.214
0.0,0.0,0.0,10.374
0.0,0.0,0.0,9.861
0.0,0.0,0.0,9.323
0.0,0.0,0.0,8.837
0.0,0.0,0.0,8.764
0.0,0.0,0.0,8.56
0.0,0.0,0.0,8.134
0.0,0.0,0.0,7.697
0.0,0.0,0.0,7.332
0.0,0.0,0.0,7.046
0.0,0.0,0.0,6.862
0.0,0.0,0.0,6.806
0.0,0.0,0.0,6.848
0.271,0.28500000000000003,0.018000000000000002,6.942
0.488,0.47800000000000004,0.073,8.151
0.599,0.589,0.108,10.282
0.678,0.687,0.127,12.7
0.7010000000000001,0.715,0.135,13.824
0.675,0.676,0.14100000000000001,14.443
0.672,0.6890000000000001,0.125,14.823
0.583,0.585,0.108,14.904
0.353,0.331,0.075,14.603
0.076,0.085,0.014,13.608
0.0,0.0,0.0,12.407
0.0,0.0,0.0,12.114
0.0,0.0,0.0,12.135
0.0,0.0,0.0,12.035
0.0,0.0,0.0,11.913
0.0,0.0,0.0,11.618
0.0,0.0,0.0,11.302
0.0,0.0,0.0,11.092
0.0,0.0,0.0,10.703
0.0,0.0,0.0,10.128
0.0,0.0,0.0,9.634
0.0,0.0,0.0,9.439
0.0,0.0,0.0,8.895
0.0,0.0,0.0,8.198
0.263,0.277,0.018000000000000002,8.099
0.489,0.482,0.074,9.594
0.621,0.624,0.107,11.591
0.662,0.658,0.137,13.688
0.47600000000000003,0.361,0.194,15.09
0.509,0.41200000000000003,0.187,15.963
0.546,0.493,0.157,16.429
0.254,0.16,0.136,16.296
0.184,0.139,0.078,15.895
0.046,0.052000000000000005,0.014,15.025
0.0,0.0,0.0,13.888
0.0,0.0,0.0,12.789
0.0,0.0,0.0,11.925
0.0,0.0,0.0,11.468
0.0,0.0,0.0,11.293
0.0,0.0,0.0,11.373
0.0,0.0,0.0,11.515
0.0,0.0,0.0,11.443
0.0,0.0,0.0,11.159
0.0,0.0,0.0,10.936
0.0,0.0,0.0,10.77
0.0,0.0,0.0,10.613
0.0,0.0,0.0,10.54
0.0,0.0,0.0,10.266
0.11800000000000001,0.123,0.019,9.842
0.301,0.255,0.084,10.02
0.484,0.424,0.13,10.988
0.656,0.653,0.13,12.92
0.686,0.6950000000000001,0.138,14.594
0.679,0.6890000000000001,0.138,15.457
0.645,0.652,0.129,15.762
0.439,0.388,0.123,15.628
0.451,0.454,0.07100000000000001,15.06
0.187,0.20400000000000001,0.015,14.101
0.0,0.0,0.0,13.131
0.0,0.0,0.0,12.516
0.0,0.0,0.0,12.275
0.0,0.0,0.0,12.31
0.0,0.0,0.0,12.422
0.0,0.0,0.0,12.469
0.0,0.0,0.0,12.368
0.0,0.0,0.0,12.176
0.0,0.0,0.0,12.081
0.0,0.0,0.0,12.019
0.0,0.0,0.0,11.881
0.0,0.0,0.0,11.738
0.0,0.0,0.0,11.597
0.0,0.0,0.0,11.383
0.276,0.296,0.018000000000000002,11.209
0.49,0.49,0.073,11.803
0.638,0.656,0.10300000000000001,12.94
0.715,0.756,0.116,13.881
0.734,0.78,0.123,14.743
0.719,0.761,0.125,15.616
0.651,0.666,0.125,16.349
0.61,0.636,0.101,16.734
0.468,0.482,0.069,16.62
0.194,0.214,0.015,15.79
0.0,0.0,0.0,14.653
0.0,0.0,0.0,13.731
0.0,0.0,0.0,13.008
0.0,0.0,0.0,12.541
0.0,0.0,0.0,12.214
0.0,0.0,0.0,11.749
0.0,0.0,0.0,11.347
0.0,0.0,0.0,11.049
0.0,0.0,0.0,10.854
0.0,0.0,0.0,10.792
0.0,0.0,0.0,10.791
0.0,0.0,0.0,10.692
0.0,0.0,0.0,10.488
0.0,0.0,0.0,10.163
0.28400000000000003,0.303,0.018000000000000002,9.823
0.525,0.534,0.07,10.799
0.658,0.686,0.099,12.77
0.716,0.762,0.114,14.646
0.735,0.789,0.121,15.906
0.73,0.785,0.121,16.53
0.7030000000000001,0.755,0.113,16.69
0.641,0.682,0.096,16.476
0.498,0.519,0.066,15.812
0.233,0.256,0.015,14.787
0.0,0.0,0.0,13.833
0.0,0.0,0.0,13.245
0.0,0.0,0.0,12.92
0.0,0.0,0.0,12.927
0.0,0.0,0.0,13.06
0.0,0.0,0.0,13.108
0.0,0.0,0.0,13.02
0.0,0.0,0.0,12.874
0.0,0.0,0.0,12.708
0.0,0.0,0.0,12.539
0.0,0.0,0.0,12.38
0.0,0.0,0.0,12.22
0.0,0.0,0.0,12.072
0.0,0.0,0.0,11.889
0.318,0.34400000000000003,0.017,11.788
0.549,0.5710000000000001,0.068,12.365
0.665,0.7000000000000001,0.098,13.332
0.6890000000000001,0.708,0.128,14.385
0.7010000000000001,0.719,0.139,15.284
0.6990000000000001,0.72,0.138,15.856
0.666,0.683,0.129,16.037
0.601,0.613,0.107,15.883
0.449,0.451,0.073,15.57
0.199,0.217,0.016,15.045
0.0,0.0,0.0,14.331
0.0,0.0,0.0,13.81
0.0,0.0,0.0,13.428
0.0,0.0,0.0,13.156
0.0,0.0,0.0,12.847
0.0,0.0,0.0,12.509
0.0,0.0,0.0,12.151
0.0,0.0,0.0,11.781
0.0,0.0,0.0,11.438
0.0,0.0,0.0,10.918
0.0,0.0,0.0,10.504
0.0,0.0,0.0,10.287
0.0,0.0,0.0,10.138
0.0,0.0,0.0,9.935
0.067,0.07,0.018000000000000002,9.848
0.10200000000000001,0.057,0.068,10.476
0.168,0.075,0.122,11.739
0.183,0.049,0.165,13.013
0.211,0.054,0.191,14.042
0.19,0.042,0.181,14.776
0.277,0.128,0.193,15.387
0.26,0.153,0.149,15.665
0.093,0.046,0.07200000000000001,15.388
0.048,0.051000000000000004,0.017,14.627
0.0,0.0,0.0,13.675
0.0,0.0,0.0,12.856
0.0,0.0,0.0,12.173
0.0,0.0,0.0,11.801
0.0,0.0,0.0,11.498
0.0,0.0,0.0,11.384
0.0,0.0,0.0,11.397
0.0,0.0,0.0,11.452
0.0,0.0,0.0,11.508
0.0,0.0,0.0,11.512
0.0,0.0,0.0,11.432
0.0,0.0,0.0,11.364
0.0,0.0,0.0,11.305
0.0,0.0,0.0,11.343
0.004,0.005,0.009000000000000001,11.324
0.034,0.009000000000000001,0.043000000000000003,11.458
0.077,0.013000000000000001,0.08600000000000001,11.911
0.084,0.009000000000000001,0.099,12.205
0.094,0.008,0.109,12.005
0.101,0.009000000000000001,0.115,11.682
0.085,0.009000000000000001,0.099,11.41
0.057,0.007,0.069,11.102
0.026000000000000002,0.006,0.037,10.789
0.002,0.003,0.006,10.472
0.0,0.0,0.0,10.142
0.0,0.0,0.0,9.892
0.0,0.0,0.0,9.73
0.0,0.0,0.0,9.637
0.0,0.0,0.0,9.561
0.0,0.0,0.0,9.541
0.0,0.0,0.0,9.662
0.0,0.0,0.0,9.671
0.0,0.0,0.0,9.638
0.0,0.0,0.0,9.583
0.0,0.0,0.0,9.564
0.0,0.0,0.0,9.238
0.0,0.0,0.0,8.977
0.0,0.0,0.0,8.759
0.159,0.163,0.022,8.648
0.353,0.303,0.093,9.194
0.591,0.552,0.134,10.327
0.729,0.764,0.114,11.559
0.748,0.79,0.121,12.45
0.743,0.786,0.121,13.135
0.714,0.754,0.113,13.607
0.648,0.68,0.096,13.82
0.502,0.518,0.067,13.666
0.24,0.261,0.015,12.968
0.0,0.0,0.0,11.972
0.0,0.0,0.0,10.908
0.0,0.0,0.0,9.649000000000001
0.0,0.0,0.0,8.961
0.0,0.0,0.0,8.597
0.0,0.0,0.0,8.41
0.0,0.0,0.0,8.517
0.0,0.0,0.0,8.904
0.0,0.0,0.0,9.119
0.0,0.0,0.0,9.292
0.0,0.0,0.0,9.469
0.0,0.0,0.0,9.636
0.0,0.0,0.0,9.787
0.0,0.0,0.0,9.942
0.305,0.326,0.018000000000000002,10.068
0.525,0.533,0.07100000000000001,10.78
0.654,0.675,0.101,11.883
0.6940000000000001,0.714,0.122,13.057
0.712,0.737,0.131,14.139
0.705,0.731,0.131,14.951
0.669,0.6890000000000001,0.123,15.349
0.592,0.601,0.105,15.311
0.442,0.442,0.07100000000000001,14.858
0.20500000000000002,0.223,0.016,13.875
0.0,0.0,0.0,12.746
0.0,0.0,0.0,12.059
0.0,0.0,0.0,11.655
0.0,0.0,0.0,11.284
0.0,0.0,0.0,10.93
0.0,0.0,0.0,10.753
0.0,0.0,0.0,10.688
0.0,0.0,0.0,10.686
0.0,0.0,0.0,10.786
0.0,0.0,0.0,10.934
0.0,0.0,0.0,11.041
0.0,0.0,0.0,11.146
0.0,0.0,0.0,11.184
0.0,0.0,0.0,11.11
0.253,0.27,0.019,11.21
0.464,0.457,0.075,12.088
0.642,0.662,0.10300000000000001,13.349
0.6910000000000001,0.718,0.122,14.501
0.711,0.743,0.13,15.518
0.707,0.743,0.129,16.338
0.674,0.706,0.121,16.984
0.595,0.614,0.10400000000000001,17.303
0.444,0.451,0.07100000000000001,17.195
0.2,0.22,0.016,16.219
0.0,0.0,0.0,14.471
0.0,0.0,0.0,13.498
0.0,0.0,0.0,13.233
0.0,0.0,0.0,13.117
0.0,0.0,0.0,13.021
0.0,0.0,0.0,12.597
0.0,0.0,0.0,11.911
0.0,0.0,0.0,11.573
0.0,0.0,0.0,11.142
0.0,0.0,0.0,10.654
0.0,0.0,0.0,10.335
0.0,0.0,0.0,10.114
0.0,0.0,0.0,9.876
0.0,0.0,0.0,9.566
0.275,0.291,0.019,9.429
0.506,0.505,0.073,10.373
0.637,0.651,0.10400000000000001,12.384
0.6950000000000001,0.718,0.124,13.887
0.712,0.737,0.133,14.805
0.704,0.73,0.134,15.527
0.671,0.6920000000000001,0.125,15.962
0.601,0.616,0.105,15.877
0.452,0.454,0.07200000000000001,15.272
0.214,0.233,0.016,14.155
0.0,0.0,0.0,12.774000000000001
0.0,0.0,0.0,11.87
0.0,0.0,0.0,11.958
0.0,0.0,0.0,12.363
0.0,0.0,0.0,12.478
0.0,0.0,0.0,12.606
0.0,0.0,0.0,12.456
0.0,0.0,0.0,11.956
0.0,0.0,0.0,11.769
0.0,0.0,0.0,11.811
0.0,0.0,0.0,11.827
0.0,0.0,0.0,11.856
0.0,0.0,0.0,11.848
0.0,0.0,0.0,11.625
0.146,0.153,0.019,11.256
0.296,0.253,0.082,11.392
0.41100000000000003,0.339,0.132,13.066
0.466,0.36,0.183,14.573
0.628,0.586,0.17200000000000001,15.783
0.66,0.645,0.161,16.671
0.627,0.612,0.149,17.093
0.543,0.523,0.124,17.204
0.202,0.155,0.084,16.967
0.039,0.043000000000000003,0.015,15.977
0.0,0.0,0.0,14.495
0.0,0.0,0.0,13.743
0.0,0.0,0.0,13.357
0.0,0.0,0.0,13.271
0.0,0.0,0.0,12.998
0.0,0.0,0.0,12.611
0.0,0.0,0.0,12.221
0.0,0.0,0.0,11.931000000000001
0.0,0.0,0.0,11.779
0.0,0.0,0.0,12.001
0.0,0.0,0.0,12.07
0.0,0.0,0.0,11.926
0.0,0.0,0.0,11.805
0.0,0.0,0.0,11.74
0.002,0.003,0.006,11.702
0.015,0.003,0.025,12.057
0.034,0.004,0.047,12.788
0.053,0.004,0.069,13.213
0.066,0.004,0.083,13.502
0.07,0.005,0.08700000000000001,13.761
0.164,0.036000000000000004,0.158,14.264
0.252,0.14,0.152,14.678
0.093,0.044,0.074,14.695
0.007,0.008,0.01,14.441
0.0,0.0,0.0,14.069
0.0,0.0,0.0,13.636
0.0,0.0,0.0,13.292
0.0,0.0,0.0,13.151
0.0,0.0,0.0,13.19
0.0,0.0,0.0,13.242
0.0,0.0,0.0,13.102
0.0,0.0,0.0,12.861
0.0,0.0,0.0,12.525
0.0,0.0,0.0,12.175
0.0,0.0,0.0,12.002
0.0,0.0,0.0,11.848
0.0,0.0,0.0,11.702
0.0,0.0,0.0,11.657
0.07100000000000001,0.07100000000000001,0.021,11.707
0.185,0.124,0.091,12.195
0.32,0.20800000000000002,0.157,13.147
0.52,0.449,0.161,14.517
0.577,0.522,0.168,16.255
0.597,0.5630000000000001,0.161,17.891
0.618,0.619,0.136,18.579
0.558,0.561,0.112,18.618
0.405,0.4,0.076,18.164
0.192,0.211,0.017,17.129
0.0,0.0,0.0,15.753
0.0,0.0,0.0,14.429
0.0,0.0,0.0,13.51
0.0,0.0,0.0,12.998
0.0,0.0,0.0,12.612
0.0,0.0,0.0,12.281
0.0,0.0,0.0,11.963
0.0,0.0,0.0,11.595
0.0,0.0,0.0,11.19
0.0,0.0,0.0,10.792
0.0,0.0,0.0,10.494
0.0,0.0,0.0,10.348
0.0,0.0,0.0,10.242
0.0,0.0,0.0,9.937
0.255,0.268,0.02,9.667
0.442,0.422,0.08,10.278
0.604,0.595,0.113,11.736
0.7010000000000001,0.725,0.123,13.193
0.723,0.754,0.13,14.349
0.722,0.76,0.128,15.222
0.6900000000000001,0.724,0.12,15.734
0.61,0.629,0.10300000000000001,15.8
0.453,0.456,0.07200000000000001,15.526
0.166,0.18,0.017,14.795
0.0,0.0,0.0,13.87
0.0,0.0,0.0,12.965
0.0,0.0,0.0,11.939
0.0,0.0,0.0,11.195
0.0,0.0,0.0,10.639
0.0,0.0,0.0,10.227
0.0,0.0,0.0,9.962
0.0,0.0,0.0,9.844
0.0,0.0,0.0,9.825
0.0,0.0,0.0,9.957
0.0,0.0,0.0,10.065
0.0,0.0,0.0,10.022
0.0,0.0,0.0,10.117
0.0,0.0,0.0,10.158
0.293,0.311,0.02,10.35
0.505,0.506,0.075,11.316
0.63,0.64,0.107,12.783
0.683,0.7000000000000001,0.126,13.907
0.7020000000000001,0.723,0.134,14.771
0.705,0.733,0.131,15.443
0.676,0.7020000000000001,0.122,15.808
0.613,0.634,0.10300000000000001,15.746
0.463,0.468,0.07200000000000001,15.045
0.222,0.24,0.017,13.815
0.0,0.0,0.0,12.69
0.0,0.0,0.0,12.057
0.0,0.0,0.0,11.62
0.0,0.0,0.0,11.246
0.0,0.0,0.0,11.024
0.0,0.0,0.0,10.936
0.0,0.0,0.0,10.888
0.0,0.0,0.0,10.75
0.0,0.0,0.0,10.578
0.0,0.0,0.0,10.46
0.0,0.0,0.0,10.411
0.0,0.0,0.0,10.434
0.0,0.0,0.0,10.605
0.0,0.0,0.0,10.841
0.362,0.391,0.019,11.196
0.5650000000000001,0.587,0.07200000000000001,12.083
0.675,0.711,0.101,13.363
0.715,0.756,0.11900000000000001,14.818
0.728,0.774,0.127,16.059
0.718,0.764,0.127,16.926
0.679,0.712,0.121,16.941
0.609,0.627,0.10400000000000001,15.551
0.47100000000000003,0.47600000000000003,0.07200000000000001,14.443
0.23,0.248,0.017,13.716
0.0,0.0,0.0,13.145
0.0,0.0,0.0,13.102
0.0,0.0,0.0,13.289
0.0,0.0,0.0,13.301
0.0,0.0,0.0,13.094
0.0,0.0,0.0,12.807
0.0,0.0,0.0,12.58
0.0,0.0,0.0,12.407
0.0,0.0,0.0,12.178
0.0,0.0,0.0,11.849
0.0,0.0,0.0,11.485
0.0,0.0,0.0,11.148
0.0,0.0,0.0,10.913
0.0,0.0,0.0,10.78
0.313,0.334,0.02,10.882
0.503,0.504,0.076,11.634
0.631,0.64,0.108,12.759
0.683,0.6970000000000001,0.128,13.853
0.6960000000000001,0.709,0.138,14.617
0.6940000000000001,0.709,0.137,15.082
0.654,0.662,0.13,15.298
0.582,0.584,0.109,15.286
0.427,0.42,0.075,15.14
0.14200000000000002,0.149,0.021,14.604
0.0,0.0,0.0,13.95
0.0,0.0,0.0,13.612
0.0,0.0,0.0,13.315
0.0,0.0,0.0,13.078
0.0,0.0,0.0,12.841
0.0,0.0,0.0,12.626
0.0,0.0,0.0,12.472
0.0,0.0,0.0,12.362
0.0,0.0,0.0,12.202
0.0,0.0,0.0,12.014
0.0,0.0,0.0,11.746
0.0,0.0,0.0,11.394
0.0,0.0,0.0,11.13
0.0,0.0,0.0,11.125
0.318,0.339,0.021,10.739
0.484,0.47600000000000003,0.078,11.301
0.623,0.627,0.11,12.549
0.722,0.764,0.11800000000000001,14.071
0.735,0.783,0.125,15.352
0.726,0.774,0.125,16.248
0.6940000000000001,0.738,0.11800000000000001,16.918
0.627,0.661,0.1,17.292
0.485,0.503,0.07100000000000001,17.137
0.185,0.198,0.021,16.235
0.0,0.0,0.0,14.978
0.0,0.0,0.0,13.773
0.0,0.0,0.0,12.944
0.0,0.0,0.0,12.439
0.0,0.0,0.0,11.997
0.0,0.0,0.0,11.632
0.0,0.0,0.0,11.274000000000001
0.0,0.0,0.0,10.907
0.0,0.0,0.0,10.545
0.0,0.0,0.0,10.269
0.0,0.0,0.0,10.084
0.0,0.0,0.0,9.826
0.0,0.0,0.0,9.447
0.0,0.0,0.0,9.024
0.388,0.41500000000000004,0.02,8.843
0.5700000000000001,0.585,0.073,9.895
0.686,0.718,0.101,11.62
0.723,0.761,0.11900000000000001,13.451
0.73,0.772,0.128,15.186
0.717,0.758,0.129,16.582
0.682,0.72,0.121,17.582
0.613,0.643,0.10300000000000001,18.151
0.46900000000000003,0.483,0.07200000000000001,18.175
0.169,0.181,0.022,17.11
0.0,0.0,0.0,15.617
0.0,0.0,0.0,14.3
0.0,0.0,0.0,13.131
0.0,0.0,0.0,12.378
0.0,0.0,0.0,11.8
0.0,0.0,0.0,11.527
0.0,0.0,0.0,11.261
0.0,0.0,0.0,10.987
0.0,0.0,0.0,10.784
0.0,0.0,0.0,10.522
0.0,0.0,0.0,10.245
0.0,0.0,0.0,10.14
0.0,0.0,0.0,10.047
0.0,0.0,0.0,9.72
0.327,0.34600000000000003,0.021,9.308
0.525,0.527,0.076,10.524000000000001
0.645,0.661,0.107,13.08
0.6920000000000001,0.721,0.125,15.475
0.708,0.744,0.133,17.194
0.7000000000000001,0.738,0.133,18.223
0.67,0.707,0.124,18.904
0.602,0.63,0.105,19.269
0.458,0.47100000000000003,0.074,19.052
0.168,0.18,0.022,17.548000000000002
0.0,0.0,0.0,15.850999999999999
0.0,0.0,0.0,14.49
0.0,0.0,0.0,13.183
0.0,0.0,0.0,12.296
0.0,0.0,0.0,11.948
0.0,0.0,0.0,11.577
0.0,0.0,0.0,10.981
0.0,0.0,0.0,10.389
0.0,0.0,0.0,9.812
0.0,0.0,0.0,9.204
0.0,0.0,0.0,8.683
0.0,0.0,0.0,8.335
0.0,0.0,0.0,8.071
0.0,0.0,0.0,7.861
0.34700000000000003,0.365,0.022,8.021
0.47700000000000004,0.461,0.08,9.399000000000001
0.667,0.687,0.106,11.89
0.661,0.667,0.131,14.745
0.739,0.801,0.123,17.106
0.732,0.799,0.122,18.775
0.7000000000000001,0.763,0.115,19.535
0.635,0.686,0.099,19.685
0.498,0.526,0.07,19.161
0.203,0.218,0.022,17.876
0.0,0.0,0.0,16.199
0.0,0.0,0.0,14.884
0.0,0.0,0.0,13.72
0.0,0.0,0.0,12.71
0.0,0.0,0.0,12.01
0.0,0.0,0.0,11.475
0.0,0.0,0.0,11.04
0.0,0.0,0.0,10.651
0.0,0.0,0.0,10.544
0.0,0.0,0.0,10.712
0.0,0.0,0.0,10.88
0.0,0.0,0.0,10.95
0.0,0.0,0.0,10.8
0.0,0.0,0.0,10.485
0.454,0.496,0.02,10.463
0.615,0.653,0.07,12.06
0.706,0.765,0.097,14.7
0.722,0.773,0.125,17.125
0.731,0.785,0.134,18.701
0.713,0.759,0.137,19.531
0.664,0.6940000000000001,0.133,19.87
0.5740000000000001,0.583,0.116,19.842
0.389,0.378,0.083,19.434
0.08600000000000001,0.089,0.023,18.537
0.0,0.0,0.0,17.547
0.0,0.0,0.0,16.751
0.0,0.0,0.0,16.096
0.0,0.0,0.0,15.363
0.0,0.0,0.0,14.52
0.0,0.0,0.0,13.997
0.0,0.0,0.0,13.629
0.0,0.0,0.0,13.235
0.0,0.0,0.0,12.843
0.0,0.0,0.0,12.467
0.0,0.0,0.0,12.138
0.0,0.0,0.0,11.873
0.0,0.0,0.0,11.658
0.0,0.0,0.0,11.506
0.043000000000000003,0.043000000000000003,0.019,11.553
0.117,0.066,0.077,12.384
0.193,0.091,0.135,13.905
0.223,0.078,0.182,15.744
0.264,0.097,0.212,17.65
0.318,0.152,0.223,19.091
0.362,0.228,0.2,19.929
0.338,0.247,0.153,20.114
0.219,0.168,0.092,19.817
0.051000000000000004,0.051000000000000004,0.022,19.095
0.0,0.0,0.0,18.165
0.0,0.0,0.0,17.409
0.0,0.0,0.0,16.474
0.0,0.0,0.0,15.701
0.0,0.0,0.0,15.239
0.0,0.0,0.0,15.097
0.0,0.0,0.0,14.703
0.0,0.0,0.0,14.237
0.0,0.0,0.0,13.728
0.0,0.0,0.0,13.004
0.0,0.0,0.0,12.483
0.0,0.0,0.0,12.182
0.0,0.0,0.0,12.068
0.0,0.0,0.0,12.339
0.073,0.073,0.023,12.883
0.152,0.093,0.088,13.704
0.35100000000000003,0.249,0.156,14.768
0.419,0.299,0.188,15.469
0.501,0.391,0.199,16.043
0.595,0.539,0.176,16.538
0.539,0.47600000000000003,0.166,16.966
0.447,0.388,0.137,17.215
0.196,0.145,0.088,16.987
0.08,0.081,0.023,16.154
0.0,0.0,0.0,14.965
0.0,0.0,0.0,14.192
0.0,0.0,0.0,13.611
0.0,0.0,0.0,13.149
0.0,0.0,0.0,12.865
0.0,0.0,0.0,12.639
0.0,0.0,0.0,12.441
0.0,0.0,0.0,12.261
0.0,0.0,0.0,12.107
0.0,0.0,0.0,11.9
0.0,0.0,0.0,11.664
0.0,0.0,0.0,11.454
0.0,0.0,0.0,11.27
0.0,0.0,0.0,11.075
0.256,0.266,0.025,11.042
0.41600000000000004,0.386,0.089,12.325
0.581,0.5630000000000001,0.126,14.538
0.671,0.68,0.14,16.353
0.6900000000000001,0.704,0.149,17.673000000000002
0.68,0.6930000000000001,0.149,18.575
0.645,0.656,0.139,19.094
0.484,0.446,0.132,19.261
0.28,0.241,0.089,18.965
0.106,0.109,0.025,18.11
0.0,0.0,0.0,16.968
0.0,0.0,0.0,16.107
0.0,0.0,0.0,15.47
0.0,0.0,0.0,14.862
0.0,0.0,0.0,14.327
0.0,0.0,0.0,13.877
0.0,0.0,0.0,13.452
0.0,0.0,0.0,13.077
0.0,0.0,0.0,12.763
0.0,0.0,0.0,12.359
0.0,0.0,0.0,11.897
0.0,0.0,0.0,11.496
0.0,0.0,0.0,11.298
0.0,0.0,0.0,11.252
0.08700000000000001,0.08700000000000001,0.023,11.354
0.214,0.156,0.091,12.224
0.366,0.273,0.148,13.901
0.5640000000000001,0.511,0.161,16.0
0.705,0.735,0.14100000000000001,17.913
0.705,0.744,0.138,18.846
0.677,0.712,0.129,19.134
0.599,0.618,0.112,19.006
0.439,0.438,0.081,18.581
0.14,0.145,0.026000000000000002,17.743
0.0,0.0,0.0,16.677
0.0,0.0,0.0,15.866
0.0,0.0,0.0,15.174
0.0,0.0,0.0,14.57
0.0,0.0,0.0,13.897
0.0,0.0,0.0,13.189
0.0,0.0,0.0,12.536
0.0,0.0,0.0,11.813
0.0,0.0,0.0,11.056
0.0,0.0,0.0,10.395
0.0,0.0,0.0,9.789
0.0,0.0,0.0,9.147
0.0,0.0,0.0,8.663
0.0,0.0,0.0,8.392
0.47200000000000003,0.508,0.024,8.273
0.6000000000000001,0.616,0.078,9.262
0.7000000000000001,0.727,0.107,10.938
0.741,0.776,0.123,12.273
0.751,0.787,0.132,13.162
0.735,0.766,0.134,13.837
0.7030000000000001,0.73,0.126,14.295
0.641,0.663,0.107,14.538
0.499,0.506,0.077,14.41
0.197,0.20400000000000001,0.026000000000000002,13.673
0.0,0.0,0.0,12.318
0.0,0.0,0.0,11.425
0.0,0.0,0.0,11.059
0.0,0.0,0.0,10.935
0.0,0.0,0.0,10.864
0.0,0.0,0.0,10.567
0.0,0.0,0.0,10.181
0.0,0.0,0.0,9.756
0.0,0.0,0.0,9.385
0.0,0.0,0.0,9.284
0.0,0.0,0.0,9.036
0.0,0.0,0.0,8.715
0.0,0.0,0.0,8.395
0.0,0.0,0.0,7.667
0.445,0.47200000000000003,0.024,7.012
0.586,0.593,0.079,8.26
0.6950000000000001,0.718,0.108,10.664
0.704,0.712,0.137,12.847
0.637,0.595,0.169,14.756
0.6880000000000001,0.6930000000000001,0.151,16.419
0.462,0.363,0.183,17.541
0.5630000000000001,0.555,0.123,18.057
0.292,0.25,0.091,17.741
0.08700000000000001,0.08600000000000001,0.026000000000000002,16.313
0.0,0.0,0.0,14.697
0.0,0.0,0.0,13.443
0.0,0.0,0.0,12.255
0.0,0.0,0.0,11.646
0.0,0.0,0.0,11.1
0.0,0.0,0.0,10.723
0.0,0.0,0.0,10.314
0.0,0.0,0.0,9.850999999999999
0.0,0.0,0.0,9.947
0.0,0.0,0.0,9.862
0.0,0.0,0.0,9.955
0.0,0.0,0.0,10.025
0.0,0.0,0.0,10.096
0.0,0.0,0.0,10.207
0.403,0.43,0.026000000000000002,10.399000000000001
0.526,0.522,0.08600000000000001,11.49
0.663,0.678,0.116,13.281
0.716,0.746,0.13,14.556000000000001
0.732,0.765,0.138,15.444
0.724,0.757,0.138,16.159
0.683,0.706,0.132,16.622
0.6000000000000001,0.607,0.116,16.67
0.443,0.435,0.083,16.356
0.162,0.165,0.028,15.511
0.0,0.0,0.0,14.276
0.0,0.0,0.0,13.485
0.0,0.0,0.0,12.886
0.0,0.0,0.0,12.421
0.0,0.0,0.0,12.191
0.0,0.0,0.0,11.886
0.0,0.0,0.0,11.497
0.0,0.0,0.0,11.077
0.0,0.0,0.0,10.686
0.0,0.0,0.0,10.173
0.0,0.0,0.0,9.738
0.0,0.0,0.0,9.297
0.0,0.0,0.0,8.883
0.0,0.0,0.0,8.527
0.30000000000000004,0.303,0.032,8.463
0.535,0.527,0.085,9.652
0.613,0.597,0.123,11.602
0.679,0.672,0.14400000000000002,13.07
0.687,0.675,0.156,14.029
0.7010000000000001,0.704,0.15,14.661
0.673,0.677,0.139,14.983
0.592,0.584,0.121,15.0
0.445,0.431,0.085,14.702
0.164,0.165,0.029,13.924
0.0,0.0,0.0,12.617
0.0,0.0,0.0,11.721
0.0,0.0,0.0,11.399000000000001
0.0,0.0,0.0,11.214
0.0,0.0,0.0,10.774000000000001
0.0,0.0,0.0,10.158
0.0,0.0,0.0,9.57
0.0,0.0,0.0,9.256
0.0,0.0,0.0,9.02
0.0,0.0,0.0,8.695
0.0,0.0,0.0,8.324
0.0,0.0,0.0,8.118
0.0,0.0,0.0,8.604
0.0,0.0,0.0,9.029
0.201,0.197,0.033,9.808
0.365,0.319,0.095,11.21
0.501,0.439,0.14100000000000001,12.882
0.637,0.598,0.163,13.92
0.658,0.617,0.176,14.529
0.601,0.526,0.191,14.891
0.4,0.26,0.203,14.798
0.303,0.19,0.159,14.48
0.194,0.131,0.096,14.074
0.058,0.052000000000000005,0.026000000000000002,13.461
0.0,0.0,0.0,12.67
0.0,0.0,0.0,12.353
0.0,0.0,0.0,12.287
0.0,0.0,0.0,12.359
0.0,0.0,0.0,12.391
0.0,0.0,0.0,12.36
0.0,0.0,0.0,12.305
0.0,0.0,0.0,12.257
0.0,0.0,0.0,12.111
0.0,0.0,0.0,12.034
0.0,0.0,0.0,11.975999999999999
0.0,0.0,0.0,11.916
0.0,0.0,0.0,11.804
0.0,0.0,0.0,11.655
0.051000000000000004,0.044,0.026000000000000002,11.52
0.312,0.253,0.10200000000000001,11.717
0.509,0.441,0.149,12.43
0.554,0.47300000000000003,0.17500000000000002,13.179
0.7020000000000001,0.6970000000000001,0.155,14.046
0.7000000000000001,0.7020000000000001,0.153,14.947
0.68,0.6900000000000001,0.139,15.625
0.608,0.612,0.12,16.127
0.464,0.459,0.08600000000000001,16.236
0.18,0.183,0.031,15.518
0.0,0.0,0.0,13.835
0.0,0.0,0.0,12.828
0.0,0.0,0.0,12.53
0.0,0.0,0.0,12.632
0.0,0.0,0.0,12.577
0.0,0.0,0.0,12.292
0.0,0.0,0.0,11.88
0.0,0.0,0.0,11.519
0.0,0.0,0.0,11.131
0.0,0.0,0.0,10.715
0.0,0.0,0.0,10.29
0.0,0.0,0.0,9.784
0.0,0.0,0.0,9.156
0.0,0.0,0.0,8.604
0.321,0.323,0.035,8.543
0.56,0.56,0.08700000000000001,10.701
0.664,0.676,0.11900000000000001,13.22
0.709,0.729,0.138,14.838
0.721,0.741,0.147,15.563
0.707,0.721,0.15,16.021
0.66,0.659,0.14400000000000002,16.259
0.617,0.626,0.11900000000000001,16.289
0.47900000000000004,0.47700000000000004,0.085,16.011
0.197,0.2,0.031,15.167
0.0,0.0,0.0,13.563
0.0,0.0,0.0,12.625
0.0,0.0,0.0,12.566
0.0,0.0,0.0,12.836
0.0,0.0,0.0,12.998
0.0,0.0,0.0,12.891
0.0,0.0,0.0,12.637
0.0,0.0,0.0,12.223
0.0,0.0,0.0,11.275
0.0,0.0,0.0,10.093
0.0,0.0,0.0,9.091
0.0,0.0,0.0,8.427
0.0,0.0,0.0,8.362
0.0,0.0,0.0,8.4
0.23700000000000002,0.232,0.036000000000000004,8.759
0.5740000000000001,0.577,0.08600000000000001,10.184
0.682,0.7000000000000001,0.117,12.58
0.726,0.761,0.132,15.18
0.735,0.78,0.14,17.444
0.725,0.772,0.14,19.0
0.6930000000000001,0.737,0.132,19.842
0.629,0.663,0.114,20.096
0.499,0.516,0.083,19.755
0.20500000000000002,0.212,0.032,18.326
0.0,0.0,0.0,16.644
0.0,0.0,0.0,15.342
0.0,0.0,0.0,13.632
0.0,0.0,0.0,12.228
0.0,0.0,0.0,11.525
0.0,0.0,0.0,11.019
0.0,0.0,0.0,10.495
0.0,0.0,0.0,10.015
0.0,0.0,0.0,9.562
0.0,0.0,0.0,9.067
0.0,0.0,0.0,8.563
0.0,0.0,0.0,8.076
0.0,0.0,0.0,7.583
0.0,0.005,0.0,7.429
0.343,0.34600000000000003,0.037,7.883
0.585,0.589,0.08600000000000001,9.446
0.6880000000000001,0.706,0.116,11.944
0.722,0.748,0.137,14.692
0.732,0.766,0.145,16.839
0.722,0.759,0.145,18.483
0.6900000000000001,0.726,0.136,19.507
0.624,0.653,0.11800000000000001,20.124
0.493,0.506,0.08600000000000001,19.895
0.218,0.225,0.033,18.361
0.0,0.0,0.0,16.253
0.0,0.0,0.0,14.784
0.0,0.0,0.0,13.698
0.0,0.0,0.0,13.025
0.0,0.0,0.0,12.513
0.0,0.0,0.0,11.856
0.0,0.0,0.0,11.434
0.0,0.0,0.0,11.025
0.0,0.0,0.0,10.622
0.0,0.0,0.0,10.382
0.0,0.0,0.0,10.186
0.0,0.0,0.0,10.034
0.0,0.0,0.0,10.0
0.0,0.002,0.0,10.043
0.271,0.269,0.038,10.375
0.34900000000000003,0.295,0.10200000000000001,11.958
0.42,0.329,0.156,14.274000000000001
0.497,0.393,0.196,17.209
0.561,0.47500000000000003,0.20400000000000001,19.19
0.5700000000000001,0.494,0.2,20.023
0.535,0.465,0.184,20.195
0.467,0.40800000000000003,0.151,19.909
0.28700000000000003,0.23600000000000002,0.10200000000000001,19.198
0.074,0.067,0.031,18.187
0.0,0.0,0.0,16.996
0.0,0.0,0.0,16.106
0.0,0.0,0.0,15.583
0.0,0.0,0.0,15.307
0.0,0.0,0.0,14.938
0.0,0.0,0.0,14.565
0.0,0.0,0.0,14.025
0.0,0.0,0.0,13.448
0.0,0.0,0.0,13.105
0.0,0.0,0.0,12.765
0.0,0.0,0.0,12.456
0.0,0.0,0.0,12.031
0.0,0.0,0.0,11.582
0.0,0.001,0.0,11.278
0.242,0.23600000000000002,0.04,11.459
0.505,0.49,0.097,13.364
0.63,0.629,0.132,15.889
0.6920000000000001,0.715,0.14400000000000002,18.234
0.7020000000000001,0.73,0.153,19.865
0.684,0.705,0.156,21.097
0.615,0.607,0.157,21.746
0.532,0.513,0.136,21.768
0.40800000000000003,0.393,0.095,21.347
0.17400000000000002,0.176,0.035,20.373
0.0,0.0,0.0,18.741
0.0,0.0,0.0,17.705
0.0,0.0,0.0,17.204
0.0,0.0,0.0,16.839
0.0,0.0,0.0,16.424
0.0,0.0,0.0,15.943
0.0,0.0,0.0,15.391
0.0,0.0,0.0,14.929
0.0,0.0,0.0,14.761
0.0,0.0,0.0,14.693
0.0,0.0,0.0,14.63
0.0,0.0,0.0,14.511
0.0,0.0,0.0,14.329
0.0,0.002,0.0,13.954
0.314,0.321,0.04,14.101
0.538,0.543,0.092,15.522
0.64,0.656,0.126,17.661
0.6960000000000001,0.73,0.14100000000000001,19.398
0.7030000000000001,0.735,0.151,20.456
0.685,0.708,0.155,20.961
0.639,0.646,0.15,21.119
0.594,0.608,0.124,21.033
0.47100000000000003,0.47700000000000004,0.089,20.683
0.20800000000000002,0.213,0.036000000000000004,19.901
0.0,0.0,0.0,18.813
0.0,0.0,0.0,17.922
0.0,0.0,0.0,17.19
0.0,0.0,0.0,16.616
0.0,0.0,0.0,16.096
0.0,0.0,0.0,15.563
0.0,0.0,0.0,14.905
0.0,0.0,0.0,14.058
0.0,0.0,0.0,13.44
0.0,0.0,0.0,13.094
0.0,0.0,0.0,12.816
0.0,0.0,0.0,12.588
0.0,0.0,0.0,12.436
0.0,0.003,0.0,12.324
0.378,0.392,0.04,12.535
0.593,0.614,0.088,13.831
0.6910000000000001,0.727,0.117,15.565
0.743,0.8,0.129,17.046
0.752,0.8140000000000001,0.136,18.433
0.74,0.802,0.137,19.423
0.71,0.765,0.13,20.026
0.647,0.6900000000000001,0.114,20.285
0.522,0.546,0.085,20.007
0.247,0.256,0.036000000000000004,19.068
0.0,0.0,0.0,17.82
0.0,0.0,0.0,16.636
0.0,0.0,0.0,15.162
0.0,0.0,0.0,13.974
0.0,0.0,0.0,13.334
0.0,0.0,0.0,13.052
0.0,0.0,0.0,12.858
0.0,0.0,0.0,12.609
0.0,0.0,0.0,12.369
0.0,0.0,0.0,12.131
0.0,0.0,0.0,11.918
0.0,0.0,0.0,11.673
0.0,0.0,0.0,11.355
0.0,0.003,0.0,11.022
0.401,0.41500000000000004,0.04,11.09
0.62,0.645,0.08600000000000001,12.286
0.707,0.745,0.115,14.075
0.733,0.77,0.138,15.868
0.742,0.783,0.147,17.505
0.731,0.773,0.147,18.789
0.7000000000000001,0.738,0.139,19.472
0.637,0.666,0.121,19.679
0.509,0.522,0.09,19.354
0.233,0.23700000000000002,0.038,18.32
0.0,0.0,0.0,16.315
0.0,0.0,0.0,14.854
0.0,0.0,0.0,14.162
0.0,0.0,0.0,13.938
0.0,0.0,0.0,13.959
0.0,0.0,0.0,13.845
0.0,0.0,0.0,13.462
0.0,0.0,0.0,12.782
0.0,0.0,0.0,12.237
0.0,0.0,0.0,12.557
0.0,0.0,0.0,13.454
0.0,0.0,0.0,13.711
0.0,0.0,0.0,13.583
0.0,0.001,0.0,13.356
0.165,0.154,0.041,13.312
0.34400000000000003,0.289,0.108,14.588
0.492,0.425,0.155,16.29
0.627,0.597,0.166,17.482
0.659,0.637,0.17400000000000002,18.245
0.666,0.656,0.169,18.807
0.64,0.631,0.157,19.083
0.597,0.599,0.13,19.167
0.46900000000000003,0.464,0.094,18.931
0.197,0.195,0.039,18.164
0.0,0.0,0.0,16.854
0.0,0.0,0.0,15.968
0.0,0.0,0.0,15.454
0.0,0.0,0.0,14.935
0.0,0.0,0.0,14.384
0.0,0.0,0.0,13.914
0.0,0.0,0.0,13.392
0.0,0.0,0.0,12.829
0.0,0.0,0.0,12.316
0.0,0.0,0.0,11.875
0.0,0.0,0.0,11.506
0.0,0.0,0.0,11.176
0.0,0.0,0.0,10.867
0.0,0.003,0.001,10.49
0.332,0.332,0.043000000000000003,10.625
0.582,0.589,0.093,12.266
0.679,0.7000000000000001,0.124,15.022
0.715,0.751,0.14100000000000001,18.014
0.722,0.764,0.15,20.152
0.71,0.753,0.151,21.568
0.677,0.716,0.14300000000000002,22.361
0.613,0.64,0.125,22.662
0.485,0.497,0.093,22.416
0.222,0.227,0.04,21.134
0.0,0.0,0.0,18.701
0.0,0.0,0.0,17.191
0.0,0.0,0.0,16.481
0.0,0.0,0.0,15.929
0.0,0.0,0.0,15.431
0.0,0.0,0.0,14.771
0.0,0.0,0.0,14.053
0.0,0.0,0.0,13.4
0.0,0.0,0.0,12.850999999999999
0.0,0.0,0.0,12.376
0.0,0.0,0.0,11.911
0.0,0.0,0.0,11.498
0.0,0.0,0.0,11.134
0.0,0.004,0.001,10.854
0.244,0.234,0.044,11.093
0.47900000000000004,0.451,0.10200000000000001,12.806000000000001
0.616,0.603,0.136,15.51
0.635,0.591,0.187,18.552
0.547,0.428,0.23700000000000002,20.252
0.467,0.307,0.254,20.992
0.393,0.23500000000000001,0.234,21.381
0.32,0.197,0.184,21.496
0.19,0.116,0.114,21.194
0.053,0.04,0.036000000000000004,19.903
0.0,0.0,0.0,17.92
0.0,0.0,0.0,16.605
0.0,0.0,0.0,15.647
0.0,0.0,0.0,14.845
0.0,0.0,0.0,14.012
0.0,0.0,0.0,13.762
0.0,0.0,0.0,13.563
0.0,0.0,0.0,13.412
0.0,0.0,0.0,13.316
0.0,0.0,0.0,13.106
0.0,0.0,0.0,12.894
0.0,0.0,0.0,12.812
0.0,0.0,0.0,12.684
0.0,0.0,0.0,12.577
0.01,0.005,0.017,12.644
0.063,0.015,0.069,13.306
0.162,0.044,0.149,14.719
0.225,0.059000000000000004,0.20500000000000002,16.238
0.244,0.057,0.228,17.017
0.266,0.07200000000000001,0.23900000000000002,17.519
0.281,0.10300000000000001,0.226,17.585
0.165,0.046,0.153,17.188
0.08700000000000001,0.027,0.085,16.511
0.018000000000000002,0.01,0.024,15.719
0.0,0.0,0.0,15.075
0.0,0.0,0.0,14.759
0.0,0.0,0.0,14.546
0.0,0.0,0.0,14.31
0.0,0.0,0.0,14.048
0.0,0.0,0.0,13.855
0.0,0.0,0.0,13.766
0.0,0.0,0.0,13.647
0.0,0.0,0.0,13.423
0.0,0.0,0.0,13.207
0.0,0.0,0.0,13.017
0.0,0.0,0.0,12.768
0.0,0.0,0.0,12.455
0.0,0.003,0.001,12.016
0.28700000000000003,0.275,0.051000000000000004,12.043
0.526,0.5,0.112,13.106
0.64,0.614,0.152,14.176
0.707,0.708,0.158,15.096
0.72,0.719,0.169,15.834
0.711,0.706,0.17,16.248
0.633,0.591,0.17500000000000002,16.354
0.382,0.269,0.17500000000000002,16.09
0.269,0.198,0.114,15.643
0.163,0.15,0.044,15.007
0.0,0.001,0.0,14.106
0.0,0.0,0.0,13.354
0.0,0.0,0.0,12.711
0.0,0.0,0.0,12.26
0.0,0.0,0.0,12.081
0.0,0.0,0.0,11.997
0.0,0.0,0.0,11.850999999999999
0.0,0.0,0.0,11.767
0.0,0.0,0.0,11.808
0.0,0.0,0.0,11.929
0.0,0.0,0.0,12.079
0.0,0.0,0.0,12.231
0.0,0.0,0.0,12.281
0.0,0.001,0.001,12.221
0.063,0.046,0.037,12.258
0.321,0.249,0.11800000000000001,13.048
0.525,0.452,0.163,14.163
0.579,0.487,0.2,14.839
0.609,0.515,0.214,15.232
0.603,0.507,0.215,15.426
0.481,0.34400000000000003,0.219,15.37
0.312,0.179,0.181,15.134
0.189,0.11,0.112,14.806000000000001
0.08600000000000001,0.069,0.041,14.329
0.0,0.001,0.0,13.338
0.0,0.0,0.0,12.659
0.0,0.0,0.0,12.499
0.0,0.0,0.0,12.511
0.0,0.0,0.0,12.603
0.0,0.0,0.0,12.514
0.0,0.0,0.0,12.146
0.0,0.0,0.0,11.5
0.0,0.0,0.0,10.819
0.0,0.0,0.0,10.384
0.0,0.0,0.0,10.248
0.0,0.0,0.0,10.162
0.0,0.0,0.0,10.158
0.0,0.002,0.001,10.301
0.14400000000000002,0.122,0.048,10.705
0.425,0.37,0.117,12.428
0.484,0.388,0.17400000000000002,13.972
0.629,0.5750000000000001,0.181,15.139
0.612,0.529,0.20700000000000002,15.98
0.659,0.614,0.189,16.546
0.543,0.447,0.2,16.761
0.373,0.257,0.177,16.666
0.242,0.168,0.115,16.285
0.132,0.116,0.044,15.62
0.0,0.002,0.001,14.522
0.0,0.0,0.0,13.468
0.0,0.0,0.0,12.938
0.0,0.0,0.0,13.138
0.0,0.0,0.0,13.405
0.0,0.0,0.0,13.473
0.0,0.0,0.0,13.438
0.0,0.0,0.0,13.375
0.0,0.0,0.0,13.2
0.0,0.0,0.0,12.958
0.0,0.0,0.0,12.681000000000001
0.0,0.0,0.0,12.234
0.0,0.0,0.0,11.585
0.001,0.006,0.002,10.883
0.273,0.258,0.051000000000000004,10.628
0.557,0.544,0.105,12.12
0.661,0.659,0.138,14.484
0.72,0.742,0.149,16.445
0.732,0.762,0.156,18.104
0.724,0.757,0.156,19.336
0.6970000000000001,0.729,0.147,20.087
0.638,0.664,0.129,20.48
0.521,0.533,0.097,20.346
0.246,0.245,0.046,19.394
0.0,0.002,0.001,17.474
0.0,0.0,0.0,15.913
0.0,0.0,0.0,14.937
0.0,0.0,0.0,14.098
0.0,0.0,0.0,13.34
0.0,0.0,0.0,12.633
0.0,0.0,0.0,11.945
0.0,0.0,0.0,11.434
0.0,0.0,0.0,11.18
0.0,0.0,0.0,10.981
0.0,0.0,0.0,10.895
0.0,0.0,0.0,10.996
0.0,0.0,0.0,11.143
0.0,0.002,0.001,11.254
0.115,0.094,0.046,11.6
0.5670000000000001,0.5630000000000001,0.10200000000000001,13.015
0.6940000000000001,0.722,0.128,15.862
0.712,0.74,0.152,18.752
0.673,0.659,0.181,19.982
0.552,0.447,0.223,19.718
0.315,0.14400000000000002,0.224,18.26
0.541,0.49,0.155,16.942
0.435,0.399,0.109,16.228
0.203,0.191,0.048,15.95
0.0,0.002,0.001,15.39
0.0,0.0,0.0,14.839
0.0,0.0,0.0,14.276
0.0,0.0,0.0,13.703
0.0,0.0,0.0,13.106
0.0,0.0,0.0,12.602
0.0,0.0,0.0,12.458
0.0,0.0,0.0,12.143
0.0,0.0,0.0,11.75
0.0,0.0,0.0,11.291
0.0,0.0,0.0,10.824
0.0,0.0,0.0,10.41
0.0,0.0,0.0,9.936
0.005,0.012,0.002,9.374
0.362,0.355,0.052000000000000005,9.681000000000001
0.61,0.614,0.1,11.242
0.7000000000000001,0.715,0.131,13.368
0.748,0.786,0.139,15.024
0.761,0.805,0.145,16.099
0.756,0.804,0.14400000000000002,17.067
0.731,0.779,0.136,17.971
0.676,0.718,0.12,18.671
0.5680000000000001,0.595,0.092,18.843
0.31,0.317,0.046,18.157
0.0,0.005,0.001,16.551
0.0,0.0,0.0,14.64
0.0,0.0,0.0,14.002
0.0,0.0,0.0,14.025
0.0,0.0,0.0,13.465
0.0,0.0,0.0,13.001
0.0,0.0,0.0,12.558
0.0,0.0,0.0,12.212
0.0,0.0,0.0,12.003
0.0,0.0,0.0,11.914
0.0,0.0,0.0,11.848
0.0,0.0,0.0,11.724
0.0,0.0,0.0,11.496
0.008,0.017,0.002,11.088
0.44,0.451,0.05,11.085
0.637,0.662,0.094,12.522
0.704,0.734,0.125,14.592
0.72,0.734,0.155,16.104
0.683,0.659,0.183,17.187
0.681,0.661,0.181,17.976
0.644,0.618,0.17300000000000001,18.423
0.595,0.5760000000000001,0.146,18.475
0.5,0.49,0.105,18.15
0.20500000000000002,0.192,0.05,17.382
0.0,0.003,0.001,15.908
0.0,0.0,0.0,14.84
0.0,0.0,0.0,14.162
0.0,0.0,0.0,13.537
0.0,0.0,0.0,12.975999999999999
0.0,0.0,0.0,12.452
0.0,0.0,0.0,12.021
0.0,0.0,0.0,11.834
0.0,0.0,0.0,12.077
0.0,0.0,0.0,11.998
0.0,0.0,0.0,11.566
0.0,0.0,0.0,11.22
0.0,0.0,0.0,10.993
0.002,0.008,0.002,10.908
0.251,0.231,0.055,11.295
0.495,0.458,0.114,12.749
0.42,0.302,0.182,13.966
0.41100000000000003,0.218,0.257,14.632
0.521,0.342,0.272,15.307
0.425,0.21,0.28500000000000003,15.6
0.35100000000000003,0.152,0.254,15.575
0.226,0.078,0.186,15.185
0.11,0.034,0.10200000000000001,14.51
0.031,0.014,0.033,13.773
0.0,0.0,0.001,13.119
0.0,0.0,0.0,12.65
0.0,0.0,0.0,12.35
0.0,0.0,0.0,12.178
0.0,0.0,0.0,12.023
0.0,0.0,0.0,11.866
0.0,0.0,0.0,11.735
0.0,0.0,0.0,11.529
0.0,0.0,0.0,11.326
0.0,0.0,0.0,11.179
0.0,0.0,0.0,11.049
0.0,0.0,0.0,10.932
0.0,0.0,0.0,10.78
0.0,0.002,0.002,10.663
0.054,0.03,0.043000000000000003,10.802
0.112,0.034,0.10200000000000001,10.93
0.18,0.043000000000000003,0.165,10.975
0.231,0.044,0.22,11.248
0.28800000000000003,0.063,0.265,11.715
0.32,0.085,0.279,12.333
0.263,0.063,0.23800000000000002,12.811
0.136,0.02,0.14300000000000002,12.746
0.058,0.008,0.07,12.471
0.013000000000000001,0.004,0.022,12.145
0.0,0.0,0.001,11.664
0.0,0.0,0.0,11.171
0.0,0.0,0.0,10.88
0.0,0.0,0.0,10.793
0.0,0.0,0.0,10.606
0.0,0.0,0.0,10.511
0.0,0.0,0.0,10.551
0.0,0.0,0.0,10.639
0.0,0.0,0.0,10.474
0.0,0.0,0.0,10.021
0.0,0.0,0.0,9.788
0.0,0.0,0.0,9.781
0.0,0.0,0.0,9.824
0.0,0.001,0.001,9.887
0.032,0.013000000000000001,0.035,10.089
0.098,0.023,0.098,10.645
0.154,0.027,0.155,11.049
0.259,0.062,0.234,11.489
0.246,0.042,0.24,11.953
0.269,0.054,0.253,12.391
0.213,0.037,0.209,12.679
0.168,0.035,0.163,12.759
0.148,0.056,0.12,12.636
0.049,0.025,0.043000000000000003,11.971
0.0,0.001,0.001,11.209
0.0,0.0,0.0,10.893
0.0,0.0,0.0,10.733
0.0,0.0,0.0,10.705
0.0,0.0,0.0,10.929
0.0,0.0,0.0,11.316
0.0,0.0,0.0,11.608
0.0,0.0,0.0,11.752
0.0,0.0,0.0,11.555
0.0,0.0,0.0,11.182
0.0,0.0,0.0,10.871
0.0,0.0,0.0,10.654
0.0,0.0,0.0,10.475
0.0,0.001,0.002,10.42
0.037,0.016,0.038,10.603
0.122,0.037,0.11,11.16
0.275,0.108,0.20500000000000002,11.637
0.56,0.442,0.213,12.66
0.636,0.551,0.211,14.245
0.5700000000000001,0.445,0.232,15.178
0.527,0.405,0.217,15.706
0.5650000000000001,0.514,0.16,16.089
0.232,0.147,0.124,15.965
0.252,0.23800000000000002,0.055,15.438
0.003,0.009000000000000001,0.002,14.22
0.0,0.0,0.0,13.252
0.0,0.0,0.0,12.565
0.0,0.0,0.0,12.024
0.0,0.0,0.0,11.525
0.0,0.0,0.0,11.051
0.0,0.0,0.0,10.581
0.0,0.0,0.0,10.317
0.0,0.0,0.0,10.14
0.0,0.0,0.0,9.855
0.0,0.0,0.0,9.508
0.0,0.0,0.0,9.195
0.0,0.0,0.0,8.912
0.022,0.033,0.004,8.656
0.457,0.46,0.057,9.1
0.658,0.676,0.101,11.001
0.734,0.771,0.129,14.138
0.763,0.806,0.149,16.451
0.776,0.8250000000000001,0.156,17.37
0.728,0.737,0.17400000000000002,17.982
0.421,0.254,0.241,18.112
0.289,0.147,0.192,18.179
0.561,0.5690000000000001,0.107,18.335
0.083,0.059000000000000004,0.049,17.474
0.0,0.002,0.001,15.623
0.0,0.0,0.0,14.413
0.0,0.0,0.0,13.497
0.0,0.0,0.0,12.916
0.0,0.0,0.0,12.766
0.0,0.0,0.0,12.736
0.0,0.0,0.0,12.098
0.0,0.0,0.0,11.252
0.0,0.0,0.0,10.592
0.0,0.0,0.0,10.084
0.0,0.0,0.0,9.741
0.0,0.0,0.0,9.559
0.0,0.0,0.0,9.432
0.014,0.023,0.004,9.38
0.28300000000000003,0.257,0.062,10.028
0.425,0.355,0.129,11.379
0.524,0.428,0.18,12.677
0.669,0.628,0.177,13.675
0.726,0.719,0.17200000000000001,14.625
0.719,0.711,0.17300000000000001,15.284
0.679,0.659,0.168,15.634
0.597,0.562,0.152,15.761
0.51,0.489,0.111,15.627
0.30000000000000004,0.29,0.056,15.117
0.006,0.013000000000000001,0.003,14.078
0.0,0.0,0.0,12.98
0.0,0.0,0.0,12.254
0.0,0.0,0.0,11.885
0.0,0.0,0.0,11.688
0.0,0.0,0.0,11.61
0.0,0.0,0.0,11.369
0.0,0.0,0.0,10.971
0.0,0.0,0.0,10.479
0.0,0.0,0.0,9.999
0.0,0.0,0.0,9.464
0.0,0.0,0.0,8.943
0.0,0.0,0.0,8.662
0.029,0.04,0.005,8.553
0.46,0.461,0.058,9.091
0.645,0.656,0.10300000000000001,10.539
0.723,0.742,0.131,12.303
0.747,0.768,0.151,14.013
0.742,0.753,0.165,15.493
0.709,0.7000000000000001,0.176,16.642
0.651,0.618,0.177,17.244
0.628,0.62,0.145,17.548000000000002
0.518,0.505,0.111,17.341
0.306,0.298,0.057,16.427
0.008,0.016,0.003,15.106
0.0,0.0,0.0,14.268
0.0,0.0,0.0,13.808
0.0,0.0,0.0,13.575
0.0,0.0,0.0,13.464
0.0,0.0,0.0,13.363
0.0,0.0,0.0,13.277
0.0,0.0,0.0,13.21
0.0,0.0,0.0,13.23
0.0,0.0,0.0,13.278
0.0,0.0,0.0,13.275
0.0,0.0,0.0,13.212
0.0,0.0,0.0,13.087
0.028,0.039,0.005,12.884
0.41200000000000003,0.41200000000000003,0.06,13.053
0.623,0.64,0.105,14.549
0.705,0.736,0.133,16.603
0.738,0.777,0.152,18.318
0.751,0.795,0.159,19.395
0.746,0.792,0.159,20.223
0.722,0.767,0.151,20.732
0.672,0.708,0.135,20.877
0.5710000000000001,0.594,0.105,20.608
0.35100000000000003,0.357,0.058,19.602
0.012,0.022,0.003,17.525
0.0,0.0,0.0,15.985
0.0,0.0,0.0,15.527
0.0,0.0,0.0,14.855
0.0,0.0,0.0,13.808
0.0,0.0,0.0,12.846
0.0,0.0,0.0,12.111
0.0,0.0,0.0,11.89
0.0,0.0,0.0,11.673
0.0,0.0,0.0,11.164
0.0,0.0,0.0,10.73
0.0,0.0,0.0,10.463
0.0,0.0,0.0,10.361
0.017,0.025,0.005,10.284
0.122,0.088,0.058,10.777
0.271,0.17500000000000002,0.133,12.233
0.629,0.596,0.156,14.489
0.726,0.744,0.159,16.861
0.714,0.715,0.177,18.448
0.671,0.641,0.194,19.377
0.671,0.667,0.17200000000000001,20.168
0.659,0.684,0.139,20.69
0.553,0.5660000000000001,0.109,20.738
0.331,0.332,0.059000000000000004,20.001
0.012,0.021,0.004,18.05
0.0,0.0,0.0,16.601
0.0,0.0,0.0,15.987
0.0,0.0,0.0,15.946
0.0,0.0,0.0,15.589
0.0,0.0,0.0,15.126
0.0,0.0,0.0,14.607
0.0,0.0,0.0,14.068
0.0,0.0,0.0,13.535
0.0,0.0,0.0,13.038
0.0,0.0,0.0,12.679
0.0,0.0,0.0,12.451
0.0,0.0,0.0,12.146
0.022,0.032,0.006,11.862
0.309,0.28600000000000003,0.066,12.39
0.465,0.41300000000000003,0.127,14.326
0.622,0.597,0.157,17.19
0.71,0.733,0.165,20.264
0.729,0.768,0.17,22.287
0.719,0.757,0.171,23.336
0.682,0.705,0.168,23.754
0.6000000000000001,0.595,0.156,23.675
0.34800000000000003,0.28500000000000003,0.133,23.151
0.11800000000000001,0.092,0.058,21.983
0.0,0.004,0.003,19.972
0.0,0.0,0.0,18.213
0.0,0.0,0.0,17.401
0.0,0.0,0.0,17.583
0.0,0.0,0.0,16.155
0.0,0.0,0.0,15.491
0.0,0.0,0.0,15.586
0.0,0.0,0.0,15.897
0.0,0.0,0.0,14.325
0.0,0.0,0.0,13.198
0.0,0.0,0.0,12.724
0.0,0.0,0.0,11.502
0.0,0.0,0.0,10.648
0.027,0.036000000000000004,0.006,10.385
0.342,0.319,0.067,10.758
0.538,0.5,0.123,11.782
0.629,0.585,0.163,13.173
0.674,0.623,0.193,14.721
0.623,0.513,0.23600000000000002,15.629
0.509,0.328,0.272,16.05
0.41400000000000003,0.226,0.257,16.255
0.371,0.225,0.20600000000000002,16.381
0.294,0.201,0.14,16.319
0.14100000000000001,0.108,0.062,15.864
0.005,0.01,0.004,14.798
0.0,0.0,0.0,13.792
0.0,0.0,0.0,13.462
0.0,0.0,0.0,13.412
0.0,0.0,0.0,13.418
0.0,0.0,0.0,13.393
0.0,0.0,0.0,13.315
0.0,0.0,0.0,13.193
0.0,0.0,0.0,12.97
0.0,0.0,0.0,12.721
0.0,0.0,0.0,12.583
0.0,0.0,0.0,12.617
0.0,0.0,0.0,12.774000000000001
0.032,0.043000000000000003,0.007,12.98
0.365,0.34800000000000003,0.07,13.297
0.5630000000000001,0.539,0.124,14.056
0.671,0.656,0.157,14.828
0.722,0.731,0.162,16.297
0.724,0.728,0.17500000000000002,17.44
0.717,0.719,0.177,18.142
0.7020000000000001,0.712,0.164,18.649
0.654,0.663,0.14400000000000002,18.927
0.529,0.52,0.116,18.836
0.289,0.275,0.064,18.291
0.018000000000000002,0.027,0.005,16.942
0.0,0.0,0.0,15.739
0.0,0.0,0.0,14.823
0.0,0.0,0.0,14.091
0.0,0.0,0.0,13.645
0.0,0.0,0.0,13.25
0.0,0.0,0.0,12.912
0.0,0.0,0.0,12.381
0.0,0.0,0.0,11.826
0.0,0.0,0.0,11.274000000000001
0.0,0.0,0.0,10.738
0.0,0.0,0.0,10.251
0.0,0.0,0.0,9.798
0.061,0.074,0.007,9.476
0.47400000000000003,0.47500000000000003,0.064,10.196
0.652,0.669,0.107,12.509
0.723,0.756,0.134,15.486
0.754,0.799,0.148,17.266
0.764,0.8140000000000001,0.156,18.335
0.759,0.808,0.156,19.018
0.73,0.769,0.153,19.29
0.644,0.648,0.147,19.185
0.521,0.507,0.11800000000000001,18.769
0.386,0.39,0.062,17.867
0.027,0.039,0.005,16.334
0.0,0.0,0.0,15.064
0.0,0.0,0.0,14.232
0.0,0.0,0.0,14.292
0.0,0.0,0.0,14.606
0.0,0.0,0.0,14.684
0.0,0.0,0.0,14.608
0.0,0.0,0.0,14.517
0.0,0.0,0.0,14.295
0.0,0.0,0.0,13.828
0.0,0.0,0.0,13.393
0.0,0.0,0.0,12.938
0.0,0.0,0.0,12.423
0.06,0.073,0.008,11.899000000000001
0.455,0.455,0.066,12.082
0.632,0.647,0.109,14.298
0.706,0.733,0.138,16.386
0.737,0.756,0.165,17.544
0.748,0.767,0.17500000000000002,18.211
0.736,0.746,0.18,18.447
0.592,0.5,0.218,18.298
0.244,0.092,0.195,17.698
0.272,0.176,0.14200000000000002,17.078
0.17400000000000002,0.14,0.067,16.332
0.013000000000000001,0.02,0.005,15.324
0.0,0.0,0.0,14.327
0.0,0.0,0.0,13.57
0.0,0.0,0.0,13.275
0.0,0.0,0.0,13.37
0.0,0.0,0.0,13.58
0.0,0.0,0.0,13.882
0.0,0.0,0.0,14.134
0.0,0.0,0.0,14.224
0.0,0.0,0.0,14.126
0.0,0.0,0.0,13.898
0.0,0.0,0.0,13.671
0.0,0.0,0.0,13.352
0.045,0.056,0.008,12.942
0.375,0.356,0.073,13.137
0.581,0.5670000000000001,0.123,14.943
0.676,0.677,0.154,17.132
0.724,0.737,0.171,18.653
0.738,0.756,0.18,19.624
0.732,0.749,0.181,20.252
0.7020000000000001,0.711,0.17500000000000002,20.469
0.635,0.626,0.161,20.317
0.493,0.462,0.13,19.85
0.228,0.2,0.07,18.991
0.009000000000000001,0.016,0.005,17.623
0.0,0.0,0.0,16.447
0.0,0.0,0.0,15.782
0.0,0.0,0.0,15.263
0.0,0.0,0.0,14.864
0.0,0.0,0.0,14.49
0.0,0.0,0.0,14.218
0.0,0.0,0.0,13.987
0.0,0.0,0.0,13.753
0.0,0.0,0.0,13.567
0.0,0.0,0.0,13.339
0.0,0.0,0.0,13.034
0.0,0.0,0.0,12.655
0.016,0.022,0.008,12.3
0.147,0.10400000000000001,0.07100000000000001,12.85
0.357,0.262,0.148,14.379
0.395,0.246,0.214,16.468
0.41500000000000004,0.20700000000000002,0.281,18.147
0.38,0.14200000000000002,0.306,19.12
0.338,0.10300000000000001,0.296,19.532
0.271,0.069,0.251,19.58
0.199,0.05,0.188,19.285
0.14200000000000002,0.047,0.126,18.708
0.055,0.025,0.052000000000000005,17.753
0.001,0.004,0.004,16.47
0.0,0.0,0.0,15.536
0.0,0.0,0.0,14.922
0.0,0.0,0.0,14.582
0.0,0.0,0.0,14.343
0.0,0.0,0.0,14.123
0.0,0.0,0.0,13.859
0.0,0.0,0.0,13.57
0.0,0.0,0.0,13.266
0.0,0.0,0.0,12.978
0.0,0.0,0.0,12.575
0.0,0.0,0.0,12.182
0.0,0.0,0.0,11.841
0.056,0.066,0.01,11.45
0.371,0.342,0.08,11.873
0.589,0.559,0.135,13.314
0.671,0.645,0.17400000000000002,16.163
0.741,0.778,0.159,19.131
0.749,0.795,0.166,21.101
0.742,0.79,0.167,22.307
0.716,0.758,0.162,22.937
0.646,0.663,0.152,22.998
0.554,0.5630000000000001,0.12,22.661
0.34700000000000003,0.34400000000000003,0.07,21.772
0.037,0.049,0.007,19.676
0.0,0.0,0.0,17.642
0.0,0.0,0.0,16.73
0.0,0.0,0.0,16.558
0.0,0.0,0.0,16.262
0.0,0.0,0.0,15.647
0.0,0.0,0.0,15.057
0.0,0.0,0.0,14.496
0.0,0.0,0.0,13.955
0.0,0.0,0.0,13.462
0.0,0.0,0.0,13.079
0.0,0.0,0.0,12.766
0.0,0.0,0.0,12.445
0.035,0.043000000000000003,0.009000000000000001,12.221
0.298,0.263,0.077,12.96
0.539,0.506,0.13,15.137
0.65,0.64,0.159,18.243
0.675,0.632,0.216,21.125
0.68,0.628,0.23600000000000002,22.7
0.67,0.615,0.23900000000000002,23.515
0.513,0.357,0.273,23.359
0.23900000000000002,0.076,0.212,22.366
0.076,0.013000000000000001,0.089,21.026
0.02,0.005,0.031,19.732
0.0,0.001,0.003,18.402
0.0,0.0,0.0,16.869
0.0,0.0,0.0,15.663
0.0,0.0,0.0,14.949
0.0,0.0,0.0,14.273
0.0,0.0,0.0,13.683
0.0,0.0,0.0,13.327
0.0,0.0,0.0,13.061
0.0,0.0,0.0,12.728
0.0,0.0,0.0,12.46
0.0,0.0,0.0,12.283
0.0,0.0,0.0,12.198
0.0,0.0,0.0,12.206
0.014,0.017,0.009000000000000001,12.426
0.069,0.03,0.061,13.002
0.151,0.046,0.134,13.595
0.261,0.082,0.219,14.329
0.534,0.377,0.254,15.451
0.47100000000000003,0.256,0.297,16.19
0.419,0.189,0.30000000000000004,16.525
0.46900000000000003,0.28500000000000003,0.267,17.012
0.541,0.452,0.196,17.782
0.524,0.494,0.134,18.355
0.157,0.117,0.073,18.245
0.037,0.047,0.009000000000000001,16.912
0.0,0.0,0.0,15.608
0.0,0.0,0.0,14.62
0.0,0.0,0.0,13.814
0.0,0.0,0.0,14.121
0.0,0.0,0.0,13.589
0.0,0.0,0.0,12.769
0.0,0.0,0.0,12.268
0.0,0.0,0.0,11.986
0.0,0.0,0.0,11.857
0.0,0.0,0.0,11.695
0.0,0.0,0.0,11.552
0.0,0.0,0.0,11.553
0.107,0.11900000000000001,0.012,11.583
0.463,0.456,0.076,12.41
0.634,0.634,0.123,13.855
0.714,0.719,0.154,14.623
0.758,0.781,0.16,15.109
0.768,0.788,0.17,15.486
0.757,0.768,0.17500000000000002,15.72
0.732,0.736,0.169,15.723
0.675,0.666,0.155,15.481
0.5710000000000001,0.553,0.125,15.102
0.369,0.35100000000000003,0.074,14.643
0.047,0.058,0.009000000000000001,13.956
0.0,0.0,0.0,13.381
0.0,0.0,0.0,13.041
0.0,0.0,0.0,12.859
0.0,0.0,0.0,12.707
0.0,0.0,0.0,12.557
0.0,0.0,0.0,12.372
0.0,0.0,0.0,12.108
0.0,0.0,0.0,11.735
0.0,0.0,0.0,11.309
0.0,0.0,0.0,10.898
0.0,0.0,0.0,10.401
0.0,0.0,0.0,9.959
0.096,0.106,0.012,9.491
0.396,0.369,0.078,10.168
0.588,0.561,0.127,11.92
0.6970000000000001,0.6900000000000001,0.153,13.481
0.737,0.737,0.17,14.696
0.75,0.753,0.179,15.623
0.752,0.759,0.178,16.231
0.735,0.746,0.168,16.499
0.6940000000000001,0.7030000000000001,0.15,16.51
0.607,0.61,0.12,16.286
0.422,0.418,0.073,15.678
0.068,0.081,0.009000000000000001,14.599
0.0,0.0,0.0,13.497
0.0,0.0,0.0,12.787
0.0,0.0,0.0,12.107
0.0,0.0,0.0,11.724
0.0,0.0,0.0,11.519
0.0,0.0,0.0,11.439
0.0,0.0,0.0,11.298
0.0,0.0,0.0,11.127
0.0,0.0,0.0,10.982
0.0,0.0,0.0,10.864
0.0,0.0,0.0,10.74
0.0,0.0,0.0,10.671
0.1,0.111,0.013000000000000001,10.706
0.397,0.372,0.079,11.274000000000001
0.5690000000000001,0.538,0.131,13.292
0.675,0.659,0.159,14.865
0.765,0.801,0.155,16.079
0.777,0.8200000000000001,0.162,17.2
0.775,0.8220000000000001,0.161,17.994
0.756,0.8,0.156,18.461
0.714,0.753,0.14100000000000001,18.632
0.626,0.65,0.116,18.407
0.405,0.401,0.074,17.548000000000002
0.053,0.064,0.01,15.981
0.0,0.0,0.0,14.519
0.0,0.0,0.0,13.634
0.0,0.0,0.0,13.02
0.0,0.0,0.0,12.547
0.0,0.0,0.0,12.305
0.0,0.0,0.0,12.165
0.0,0.0,0.0,11.994
0.0,0.0,0.0,11.686
0.0,0.0,0.0,11.286
0.0,0.0,0.0,11.009
0.0,0.0,0.0,10.932
0.0,0.0,0.0,10.844
0.107,0.117,0.013000000000000001,10.773
0.422,0.402,0.079,11.754
0.667,0.687,0.114,13.548
0.741,0.778,0.138,15.444
0.769,0.8180000000000001,0.152,17.25
0.776,0.8320000000000001,0.159,18.954
0.766,0.8210000000000001,0.162,20.209
0.745,0.797,0.157,20.982
0.6970000000000001,0.738,0.145,21.302
0.606,0.63,0.11900000000000001,21.167
0.41500000000000004,0.419,0.075,20.337
0.073,0.08700000000000001,0.01,18.657
0.0,0.0,0.0,17.022
0.0,0.0,0.0,16.131
0.0,0.0,0.0,15.702
0.0,0.0,0.0,15.425
0.0,0.0,0.0,15.166
0.0,0.0,0.0,14.95
0.0,0.0,0.0,14.856
0.0,0.0,0.0,14.984
0.0,0.0,0.0,15.34
0.0,0.0,0.0,15.57
0.0,0.0,0.0,14.885
0.0,0.0,0.0,14.51
0.126,0.139,0.014,14.675
0.485,0.492,0.076,15.546
0.656,0.686,0.115,17.036
0.722,0.761,0.14100000000000001,17.951
0.77,0.834,0.146,18.848
0.784,0.858,0.15,19.71
0.787,0.868,0.148,20.24
0.775,0.857,0.14200000000000002,20.556
0.743,0.8190000000000001,0.13,20.562
0.646,0.6890000000000001,0.112,20.129
0.528,0.5660000000000001,0.069,19.123
0.132,0.152,0.011,17.791
0.0,0.0,0.0,16.875
0.0,0.0,0.0,16.403
0.0,0.0,0.0,15.842
0.0,0.0,0.0,14.963
0.0,0.0,0.0,13.979
0.0,0.0,0.0,13.084
0.0,0.0,0.0,12.209
0.0,0.0,0.0,11.307
0.0,0.0,0.0,10.612
0.0,0.0,0.0,10.039
0.0,0.0,0.0,9.518
0.0,0.0,0.0,9.007
0.213,0.228,0.014,8.675
0.558,0.5700000000000001,0.07200000000000001,9.677
0.712,0.752,0.106,12.171
0.771,0.834,0.127,15.253
0.796,0.873,0.139,17.36
0.803,0.89,0.14400000000000002,19.03
0.797,0.887,0.145,20.195
0.776,0.862,0.14300000000000002,21.045
0.736,0.81,0.133,21.503
0.658,0.714,0.111,21.454
0.49,0.518,0.073,20.591
0.12,0.137,0.012,18.86
0.0,0.0,0.0,16.962
0.0,0.0,0.0,15.662
0.0,0.0,0.0,14.894
0.0,0.0,0.0,14.502
0.0,0.0,0.0,14.095
0.0,0.0,0.0,13.604
0.0,0.0,0.0,13.105
0.0,0.0,0.0,12.616
0.0,0.0,0.0,12.034
0.0,0.0,0.0,11.435
0.0,0.0,0.0,10.954
0.0,0.0,0.0,10.641
0.194,0.20800000000000002,0.015,10.411
0.533,0.541,0.075,11.326
0.6880000000000001,0.72,0.111,13.589
0.747,0.799,0.134,16.888
0.761,0.805,0.167,19.788
0.768,0.8210000000000001,0.176,21.947
0.76,0.8140000000000001,0.178,23.352
0.735,0.783,0.17400000000000002,24.165
0.685,0.721,0.161,24.562
0.59,0.607,0.133,24.438
0.398,0.398,0.084,23.513
0.027,0.034,0.011,21.986
0.0,0.0,0.0,20.748
0.0,0.0,0.0,19.918
0.0,0.0,0.0,19.387
0.0,0.0,0.0,18.635
0.0,0.0,0.0,18.287
0.0,0.0,0.0,18.166
0.0,0.0,0.0,18.343
0.0,0.0,0.0,18.618
0.0,0.0,0.0,18.332
0.0,0.0,0.0,17.973
0.0,0.0,0.0,17.739
0.0,0.0,0.0,17.092
0.01,0.012,0.01,15.992
0.08700000000000001,0.04,0.07100000000000001,14.333
0.242,0.115,0.163,13.542
0.43,0.259,0.23700000000000002,13.981
0.496,0.307,0.273,14.742
0.527,0.325,0.295,15.168
0.742,0.725,0.195,15.711
0.772,0.805,0.164,16.147
0.718,0.733,0.154,16.233
0.5760000000000001,0.549,0.136,15.645
0.334,0.299,0.08600000000000001,14.762
0.097,0.107,0.014,13.955
0.0,0.0,0.0,13.145
0.0,0.0,0.0,12.634
0.0,0.0,0.0,12.607
0.0,0.0,0.0,12.724
0.0,0.0,0.0,12.609
0.0,0.0,0.0,12.231
0.0,0.0,0.0,11.83
0.0,0.0,0.0,11.47
0.0,0.0,0.0,10.962
0.0,0.0,0.0,10.436
0.0,0.0,0.0,10.019
0.0,0.0,0.0,9.55
0.23900000000000002,0.254,0.017,9.116
0.555,0.559,0.078,9.471
0.715,0.74,0.114,10.618
0.783,0.8250000000000001,0.136,12.137
0.8160000000000001,0.883,0.138,13.691
0.8250000000000001,0.901,0.14300000000000002,15.084
0.8210000000000001,0.901,0.14400000000000002,16.212
0.804,0.882,0.14100000000000001,16.939
0.768,0.836,0.132,17.271
0.6960000000000001,0.749,0.111,17.263
0.538,0.5660000000000001,0.074,16.828
0.167,0.185,0.014,15.706
0.0,0.0,0.0,14.657
0.0,0.0,0.0,13.576
0.0,0.0,0.0,12.126
0.0,0.0,0.0,10.868
0.0,0.0,0.0,10.0
0.0,0.0,0.0,9.845
0.0,0.0,0.0,9.854
0.0,0.0,0.0,9.766
0.0,0.0,0.0,9.568
0.0,0.0,0.0,9.189
0.0,0.0,0.0,8.767
0.0,0.0,0.0,8.4
0.229,0.242,0.017,8.141
0.53,0.528,0.079,9.512
0.676,0.6890000000000001,0.117,12.126
0.758,0.803,0.135,14.713
0.791,0.85,0.147,16.181
0.804,0.872,0.152,17.228
0.802,0.874,0.152,18.045
0.785,0.853,0.149,18.556
0.75,0.811,0.138,18.726
0.68,0.728,0.115,18.521
0.53,0.557,0.076,17.892
0.178,0.197,0.014,16.418
0.0,0.0,0.0,14.64
0.0,0.0,0.0,13.422
0.0,0.0,0.0,12.745
0.0,0.0,0.0,12.858
0.0,0.0,0.0,13.035
0.0,0.0,0.0,13.067
0.0,0.0,0.0,13.021
0.0,0.0,0.0,12.939
0.0,0.0,0.0,12.713
0.0,0.0,0.0,12.451
0.0,0.0,0.0,12.063
0.0,0.0,0.0,11.685
0.219,0.233,0.018000000000000002,11.31
0.497,0.49,0.083,11.777
0.66,0.672,0.121,14.174
0.732,0.762,0.145,16.0
0.763,0.791,0.168,17.174
0.777,0.812,0.17500000000000002,18.069
0.776,0.8140000000000001,0.176,18.736
0.76,0.797,0.17,19.132
0.722,0.754,0.155,19.173
0.644,0.665,0.128,18.865
0.48,0.485,0.084,17.959
0.153,0.169,0.016,16.352
0.0,0.0,0.0,14.709
0.0,0.0,0.0,13.707
0.0,0.0,0.0,12.972
0.0,0.0,0.0,12.826
0.0,0.0,0.0,12.952
0.0,0.0,0.0,12.988
0.0,0.0,0.0,12.848
0.0,0.0,0.0,12.594
0.0,0.0,0.0,12.34
0.0,0.0,0.0,12.104
0.0,0.0,0.0,11.938
0.0,0.0,0.0,11.649000000000001
0.1,0.10400000000000001,0.02,11.248
0.255,0.194,0.097,11.687
0.393,0.281,0.17,13.682
0.521,0.393,0.221,15.708
0.466,0.257,0.293,17.444
0.579,0.41200000000000003,0.291,18.859
0.742,0.745,0.2,20.169
0.731,0.745,0.187,20.772
0.609,0.554,0.197,20.729
0.34600000000000003,0.23800000000000002,0.171,20.204
0.176,0.123,0.089,19.562
0.088,0.096,0.017,18.282
0.0,0.0,0.0,16.516
0.0,0.0,0.0,15.607
0.0,0.0,0.0,15.207
0.0,0.0,0.0,14.782
0.0,0.0,0.0,14.547
0.0,0.0,0.0,14.005
0.0,0.0,0.0,13.384
0.0,0.0,0.0,12.774000000000001
0.0,0.0,0.0,12.261
0.0,0.0,0.0,11.857
0.0,0.0,0.0,11.51
0.0,0.0,0.0,11.201
0.252,0.267,0.021,11.058
0.499,0.487,0.089,12.42
0.655,0.661,0.131,15.206
0.723,0.748,0.158,18.474
0.761,0.8170000000000001,0.159,20.229
0.773,0.836,0.165,21.413
0.772,0.839,0.166,22.238
0.758,0.8240000000000001,0.161,22.512
0.724,0.782,0.148,22.291
0.652,0.6940000000000001,0.124,21.707
0.491,0.507,0.084,20.69
0.17,0.188,0.017,19.126
0.0,0.0,0.0,17.45
0.0,0.0,0.0,16.17
0.0,0.0,0.0,15.309
0.0,0.0,0.0,14.805
0.0,0.0,0.0,14.543
0.0,0.0,0.0,14.364
0.0,0.0,0.0,14.015
0.0,0.0,0.0,13.257
0.0,0.0,0.0,12.333
0.0,0.0,0.0,12.552
0.0,0.0,0.0,12.824
0.0,0.0,0.0,12.235
0.162,0.165,0.025,11.861
0.47800000000000004,0.463,0.089,12.797
0.639,0.641,0.129,15.33
0.706,0.728,0.155,18.926
0.725,0.748,0.184,22.441
0.748,0.794,0.185,24.407
0.747,0.797,0.186,25.121
0.732,0.781,0.179,25.221
0.6940000000000001,0.734,0.164,24.977
0.606,0.625,0.138,24.421
0.41100000000000003,0.405,0.092,23.388
0.123,0.137,0.018000000000000002,21.501
0.0,0.0,0.0,19.549
0.0,0.0,0.0,18.482
0.0,0.0,0.0,17.754
0.0,0.0,0.0,17.217
0.0,0.0,0.0,16.841
0.0,0.0,0.0,16.423
0.0,0.0,0.0,16.088
0.0,0.0,0.0,15.783
0.0,0.0,0.0,15.428
0.0,0.0,0.0,15.069
0.0,0.0,0.0,14.747
0.0,0.0,0.0,14.447
0.03,0.028,0.019,14.26
0.215,0.15,0.101,15.214
0.462,0.376,0.169,17.706
0.584,0.51,0.20700000000000002,20.887
0.632,0.577,0.223,24.208
0.671,0.65,0.221,26.47
0.731,0.79,0.183,27.726
0.722,0.791,0.17200000000000001,28.388
0.685,0.744,0.159,28.429
0.618,0.666,0.131,27.954
0.47800000000000004,0.507,0.08700000000000001,27.055
0.201,0.227,0.019,24.971
0.0,0.0,0.0,22.223
0.0,0.0,0.0,20.687
0.0,0.0,0.0,19.695
0.0,0.0,0.0,19.02
0.0,0.0,0.0,18.566
0.0,0.0,0.0,17.936
0.0,0.0,0.0,17.284
0.0,0.0,0.0,16.747
0.0,0.0,0.0,16.298
0.0,0.0,0.0,15.97
0.0,0.0,0.0,15.761
0.0,0.0,0.0,15.604
0.188,0.194,0.028,15.68
0.506,0.511,0.089,17.165
0.654,0.686,0.126,19.792
0.719,0.778,0.148,23.03
0.749,0.837,0.154,25.732
0.76,0.86,0.159,27.263
0.761,0.865,0.159,27.991
0.749,0.851,0.155,28.165
0.719,0.811,0.14400000000000002,28.069
0.656,0.732,0.122,27.737
0.52,0.5680000000000001,0.084,27.093
0.23600000000000002,0.27,0.019,25.959
0.0,0.0,0.0,24.633
0.0,0.0,0.0,23.478
0.0,0.0,0.0,22.415
0.0,0.0,0.0,21.351
0.0,0.0,0.0,20.492
0.0,0.0,0.0,19.725
0.0,0.0,0.0,19.062
0.0,0.0,0.0,18.456
0.0,0.0,0.0,17.761
0.0,0.0,0.0,17.057
0.0,0.0,0.0,16.426
0.0,0.0,0.0,15.917
0.251,0.264,0.028,15.693
0.562,0.589,0.083,16.966
0.6890000000000001,0.745,0.117,19.625
0.741,0.8210000000000001,0.137,22.707
0.766,0.864,0.148,24.746
0.774,0.881,0.154,26.18
0.772,0.882,0.155,27.213
0.76,0.868,0.152,27.674
0.732,0.833,0.14200000000000002,27.62
0.676,0.762,0.12,27.246
0.555,0.616,0.083,26.627
0.28300000000000003,0.324,0.019,25.352
0.0,0.0,0.0,23.746
0.0,0.0,0.0,22.553
0.0,0.0,0.0,21.515
0.0,0.0,0.0,20.521
0.0,0.0,0.0,19.504
0.0,0.0,0.0,18.571
0.0,0.0,0.0,17.649
0.0,0.0,0.0,16.85
0.0,0.0,0.0,16.301
0.0,0.0,0.0,16.065
0.0,0.0,0.0,15.942
0.0,0.0,0.0,15.879
0.219,0.227,0.03,15.953
0.526,0.54,0.08700000000000001,17.521
0.659,0.6980000000000001,0.124,20.341
0.715,0.778,0.146,23.919
0.734,0.811,0.164,27.337
0.741,0.8310000000000001,0.171,29.643
0.738,0.833,0.17200000000000001,31.032
0.723,0.8150000000000001,0.168,31.59
0.6910000000000001,0.774,0.156,31.562
0.625,0.6910000000000001,0.132,31.086
0.467,0.5,0.091,30.478
0.197,0.224,0.021,28.656
0.0,0.0,0.0,25.745
0.0,0.0,0.0,24.222
0.0,0.0,0.0,23.234
0.0,0.0,0.0,22.448
0.0,0.0,0.0,22.192
0.0,0.0,0.0,22.082
0.0,0.0,0.0,21.518
0.0,0.0,0.0,20.929
0.0,0.0,0.0,20.442
0.0,0.0,0.0,20.115
0.0,0.0,0.0,19.926
0.0,0.0,0.0,19.761
0.192,0.199,0.032,19.937
0.488,0.498,0.093,21.439
0.623,0.655,0.133,24.201
0.682,0.732,0.159,27.04
0.709,0.765,0.178,28.8
0.722,0.786,0.186,30.073
0.719,0.785,0.188,30.852
0.7000000000000001,0.758,0.185,31.062
0.661,0.707,0.171,30.832
0.589,0.622,0.14200000000000002,30.303
0.463,0.489,0.094,29.532
0.217,0.247,0.023,28.175
0.0,0.0,0.0,26.28
0.0,0.0,0.0,25.168
0.0,0.0,0.0,24.517
0.0,0.0,0.0,23.784
0.0,0.0,0.0,22.868
0.0,0.0,0.0,22.109
0.0,0.0,0.0,21.521
0.0,0.0,0.0,21.089
0.0,0.0,0.0,20.855
0.0,0.0,0.0,20.773
0.0,0.0,0.0,20.789
0.0,0.0,0.0,20.723
0.189,0.196,0.033,20.767
0.491,0.501,0.094,21.932
0.633,0.669,0.132,24.08
0.7030000000000001,0.756,0.156,25.041
0.732,0.789,0.17300000000000001,25.799
0.721,0.751,0.197,26.428
0.7030000000000001,0.714,0.21,27.03
0.655,0.631,0.219,27.375
0.639,0.64,0.186,27.373
0.638,0.687,0.136,27.013
0.495,0.522,0.094,26.373
0.241,0.27,0.023,25.431
0.0,0.0,0.0,24.307
0.0,0.0,0.0,23.314
0.0,0.0,0.0,22.378
0.0,0.0,0.0,21.531
0.0,0.0,0.0,20.827
0.0,0.0,0.0,20.159
0.0,0.0,0.0,19.481
0.0,0.0,0.0,18.801
0.0,0.0,0.0,18.157
0.0,0.0,0.0,17.474
0.0,0.0,0.0,16.813
0.0,0.0,0.0,16.183
0.216,0.218,0.034,15.787
0.532,0.538,0.092,16.326
0.681,0.71,0.127,17.011
0.753,0.8,0.148,17.667
0.782,0.8290000000000001,0.167,18.321
0.797,0.851,0.17300000000000001,18.868
0.794,0.842,0.178,19.17
0.772,0.806,0.179,19.141
0.72,0.73,0.17300000000000001,18.655
0.578,0.538,0.158,17.739
0.47800000000000004,0.463,0.1,16.655
0.215,0.227,0.025,15.667
0.0,0.0,0.0,14.834
0.0,0.0,0.0,14.288
0.0,0.0,0.0,13.863
0.0,0.0,0.0,13.546
0.0,0.0,0.0,13.28
0.0,0.0,0.0,13.05
0.0,0.0,0.0,12.736
0.0,0.0,0.0,12.371
0.0,0.0,0.0,12.051
0.0,0.0,0.0,11.861
0.0,0.0,0.0,11.71
0.0,0.0,0.0,11.752
0.185,0.178,0.036000000000000004,11.899000000000001
0.519,0.505,0.098,12.696
0.68,0.685,0.135,13.649000000000001
0.752,0.771,0.158,14.583
0.786,0.8160000000000001,0.169,15.46
0.794,0.8210000000000001,0.18,16.031
0.791,0.8150000000000001,0.184,16.346
0.782,0.807,0.178,16.518
0.757,0.786,0.161,16.481
0.704,0.734,0.133,16.278
0.587,0.609,0.092,15.848
0.356,0.386,0.025,15.081
0.0,0.0,0.0,14.091
0.0,0.0,0.0,13.278
0.0,0.0,0.0,12.619
0.0,0.0,0.0,12.227
0.0,0.0,0.0,12.0
0.0,0.0,0.0,11.973
0.0,0.0,0.0,11.971
0.0,0.0,0.0,11.92
0.0,0.0,0.0,11.838
0.0,0.0,0.0,11.771
0.0,0.0,0.0,11.758
0.0,0.0,0.0,11.783
0.23700000000000002,0.234,0.037,11.837
0.524,0.511,0.098,12.725
0.6910000000000001,0.711,0.13,14.822
0.757,0.793,0.152,16.216
0.786,0.8200000000000001,0.177,17.39
0.791,0.8200000000000001,0.19,18.317
0.759,0.75,0.214,18.96
0.673,0.591,0.245,19.294
0.5710000000000001,0.458,0.23500000000000001,19.26
0.403,0.28500000000000003,0.191,18.899
0.179,0.11,0.10400000000000001,18.144
0.048,0.047,0.022,17.019
0.0,0.0,0.0,15.850999999999999
0.0,0.0,0.0,15.186
0.0,0.0,0.0,14.69
0.0,0.0,0.0,14.154
0.0,0.0,0.0,13.772
0.0,0.0,0.0,13.607
0.0,0.0,0.0,13.578
0.0,0.0,0.0,13.493
0.0,0.0,0.0,13.286
0.0,0.0,0.0,13.029
0.0,0.0,0.0,12.794
0.0,0.0,0.0,12.525
0.232,0.227,0.04,12.281
0.535,0.524,0.101,13.398
0.673,0.678,0.14100000000000001,15.846
0.74,0.763,0.166,17.849
0.779,0.8320000000000001,0.165,19.205
0.793,0.856,0.17,20.136
0.796,0.862,0.171,20.749
0.785,0.852,0.167,21.039
0.758,0.8190000000000001,0.156,20.987
0.7010000000000001,0.751,0.133,20.607
0.587,0.624,0.094,19.824
0.391,0.433,0.026000000000000002,18.426
0.0,0.0,0.0,16.815
0.0,0.0,0.0,15.856
0.0,0.0,0.0,15.249
0.0,0.0,0.0,14.696
0.0,0.0,0.0,14.216
0.0,0.0,0.0,13.821
0.0,0.0,0.0,13.463
0.0,0.0,0.0,13.084
0.0,0.0,0.0,12.91
0.0,0.0,0.0,12.626
0.0,0.0,0.0,12.259
0.0,0.0,0.0,11.9
0.257,0.254,0.04,11.889
0.5630000000000001,0.5670000000000001,0.095,13.447
0.6930000000000001,0.724,0.129,16.552
0.75,0.806,0.149,19.899
0.767,0.8190000000000001,0.182,22.904
0.78,0.845,0.189,24.768
0.78,0.852,0.189,25.7
0.769,0.839,0.185,25.887
0.741,0.804,0.171,25.573
0.68,0.73,0.146,24.974
0.551,0.58,0.10300000000000001,24.046
0.357,0.398,0.029,22.358
0.0,0.0,0.0,20.217
0.0,0.0,0.0,18.741
0.0,0.0,0.0,17.727
0.0,0.0,0.0,17.315
0.0,0.0,0.0,17.016
0.0,0.0,0.0,16.647
0.0,0.0,0.0,15.963
0.0,0.0,0.0,15.38
0.0,0.0,0.0,14.888
0.0,0.0,0.0,15.214
0.0,0.0,0.0,15.238
0.0,0.0,0.0,15.193
0.083,0.068,0.039,15.695
0.176,0.094,0.117,16.905
0.268,0.114,0.199,17.623
0.375,0.161,0.279,18.048
0.483,0.216,0.359,18.474
0.552,0.28400000000000003,0.382,18.856
0.46,0.158,0.388,18.879
0.28,0.043000000000000003,0.28600000000000003,18.481
0.329,0.106,0.28,18.256
0.304,0.145,0.21,18.005
0.169,0.088,0.114,17.402
0.073,0.067,0.029,16.505
0.0,0.0,0.0,15.656
0.0,0.0,0.0,15.188
0.0,0.0,0.0,14.927
0.0,0.0,0.0,14.765
0.0,0.0,0.0,14.594
0.0,0.0,0.0,14.409
0.0,0.0,0.0,14.241
0.0,0.0,0.0,14.217
0.0,0.0,0.0,14.208
0.0,0.0,0.0,14.156
0.0,0.0,0.0,14.163
0.0,0.0,0.0,14.199
0.065,0.047,0.04,14.578
0.228,0.134,0.133,15.723
0.4,0.245,0.222,16.885
0.47600000000000003,0.267,0.298,18.467
0.541,0.294,0.36,19.806
0.523,0.23500000000000001,0.4,20.924
0.373,0.077,0.368,21.53
0.373,0.098,0.34700000000000003,21.699
0.28400000000000003,0.069,0.27,21.395
0.184,0.045,0.177,20.69
0.07200000000000001,0.018000000000000002,0.078,19.732
0.02,0.015,0.021,18.657
0.0,0.0,0.0,17.513
0.0,0.0,0.0,16.811
0.0,0.0,0.0,16.578
0.0,0.0,0.0,16.416
0.0,0.0,0.0,16.312
0.0,0.0,0.0,16.258
0.0,0.0,0.0,16.199
0.0,0.0,0.0,16.103
0.0,0.0,0.0,15.885
0.0,0.0,0.0,15.681000000000001
0.0,0.0,0.0,15.506
0.0,0.0,0.0,15.336
0.034,0.019,0.033,15.516
0.126,0.042,0.113,15.983
0.267,0.093,0.218,16.346
0.533,0.338,0.297,17.073
0.675,0.593,0.244,18.769
0.742,0.727,0.221,20.732
0.766,0.793,0.203,22.355
0.75,0.781,0.197,23.559
0.729,0.775,0.17500000000000002,24.384
0.672,0.714,0.148,24.687
0.555,0.586,0.10400000000000001,24.379
0.41500000000000004,0.468,0.032,22.808
0.0,0.0,0.0,20.635
0.0,0.0,0.0,19.456
0.0,0.0,0.0,18.747
0.0,0.0,0.0,17.888
0.0,0.0,0.0,17.114
0.0,0.0,0.0,16.532
0.0,0.0,0.0,16.078
0.0,0.0,0.0,15.724
0.0,0.0,0.0,15.412
0.0,0.0,0.0,15.116
0.0,0.0,0.0,14.78
0.0,0.001,0.0,14.347
0.23500000000000001,0.225,0.047,14.285
0.535,0.528,0.106,15.896
0.675,0.6950000000000001,0.14100000000000001,18.767
0.737,0.785,0.163,21.917
0.77,0.847,0.167,24.004
0.785,0.876,0.171,25.427
0.787,0.886,0.171,26.35
0.778,0.876,0.168,26.736
0.753,0.844,0.159,26.74
0.7010000000000001,0.779,0.137,26.414
0.592,0.647,0.1,25.375
0.46900000000000003,0.539,0.032,23.212
0.0,0.0,0.0,20.719
0.0,0.0,0.0,19.196
0.0,0.0,0.0,18.262
0.0,0.0,0.0,17.547
0.0,0.0,0.0,16.924
0.0,0.0,0.0,16.402
0.0,0.0,0.0,16.007
0.0,0.0,0.0,15.424
0.0,0.0,0.0,14.667
0.0,0.0,0.0,13.994
0.0,0.0,0.0,13.371
0.0,0.002,0.001,12.847
0.295,0.291,0.046,12.859
0.589,0.602,0.098,14.716
0.711,0.757,0.129,17.999
0.763,0.839,0.148,21.611
0.787,0.883,0.158,24.181
0.795,0.907,0.163,26.092
0.794,0.914,0.165,27.781
0.783,0.906,0.163,28.772
0.761,0.878,0.154,28.976
0.714,0.8170000000000001,0.134,28.675
0.613,0.6910000000000001,0.099,27.836
0.515,0.609,0.032,25.7
0.0,0.0,0.0,22.453
0.0,0.0,0.0,20.811
0.0,0.0,0.0,20.171
0.0,0.0,0.0,20.021
0.0,0.0,0.0,19.486
0.0,0.0,0.0,19.199
0.0,0.0,0.0,19.164
0.0,0.0,0.0,18.9
0.0,0.0,0.0,18.731
0.0,0.0,0.0,18.693
0.0,0.0,0.0,18.916
0.0,0.002,0.001,19.325
0.166,0.153,0.049,19.692
0.49,0.48,0.111,20.885
0.657,0.6920000000000001,0.14200000000000002,23.459
0.72,0.786,0.161,26.454
0.6920000000000001,0.6900000000000001,0.225,28.546
0.663,0.601,0.273,29.64
0.6960000000000001,0.682,0.248,30.229
0.6960000000000001,0.707,0.227,30.652
0.55,0.457,0.252,30.725
0.613,0.637,0.166,30.602
0.396,0.37,0.123,29.715
0.306,0.333,0.045,28.508
0.0,0.0,0.0,27.219
0.0,0.0,0.0,25.663
0.0,0.0,0.0,23.493
0.0,0.0,0.0,21.115
0.0,0.0,0.0,19.14
0.0,0.0,0.0,17.562
0.0,0.0,0.0,17.025
0.0,0.0,0.0,16.576999999999998
0.0,0.0,0.0,16.212
0.0,0.0,0.0,15.929
0.0,0.0,0.0,15.67
0.0,0.001,0.001,15.433
0.145,0.124,0.051000000000000004,15.606
0.417,0.362,0.127,16.794
0.607,0.5660000000000001,0.17,17.987
0.686,0.654,0.202,19.303
0.74,0.738,0.20600000000000002,20.551
0.769,0.794,0.20400000000000001,21.791
0.776,0.8160000000000001,0.2,22.952
0.764,0.807,0.195,23.78
0.731,0.77,0.182,24.294
0.667,0.6970000000000001,0.156,24.239
0.54,0.554,0.112,23.445
0.28700000000000003,0.297,0.045,21.826
0.0,0.0,0.0,19.911
0.0,0.0,0.0,18.725
0.0,0.0,0.0,18.264
0.0,0.0,0.0,18.211
0.0,0.0,0.0,18.396
0.0,0.0,0.0,18.543
0.0,0.0,0.0,18.672
0.0,0.0,0.0,18.471
0.0,0.0,0.0,18.318
0.0,0.0,0.0,18.246
0.0,0.0,0.0,18.09
0.0,0.002,0.001,17.94
0.179,0.162,0.052000000000000005,18.294
0.505,0.494,0.114,20.046
0.639,0.652,0.153,22.981
0.6910000000000001,0.721,0.182,26.722
0.6910000000000001,0.647,0.273,29.77
0.6900000000000001,0.622,0.305,31.312
0.552,0.316,0.4,31.971
0.499,0.266,0.376,32.27
0.519,0.37,0.301,32.218
0.317,0.166,0.231,31.372
0.11800000000000001,0.045,0.11,30.215
0.016,0.009000000000000001,0.022,28.398
0.0,0.0,0.0,26.645
0.0,0.0,0.0,25.472
0.0,0.0,0.0,24.735
0.0,0.0,0.0,24.271
0.0,0.0,0.0,23.944
0.0,0.0,0.0,23.184
0.0,0.0,0.0,22.306
0.0,0.0,0.0,21.731
0.0,0.0,0.0,21.514
0.0,0.0,0.0,21.4
0.0,0.0,0.0,21.329
0.0,0.0,0.0,21.281
0.006,0.002,0.014,21.407
0.037,0.004,0.053,21.66
0.105,0.01,0.125,22.08
0.186,0.018000000000000002,0.20800000000000002,22.76
0.589,0.39,0.34900000000000003,24.392
0.431,0.122,0.404,24.98
0.256,0.024,0.28600000000000003,24.608
0.254,0.03,0.277,24.247
0.325,0.097,0.295,23.852
0.077,0.007,0.096,22.431
0.038,0.006,0.052000000000000005,20.595
0.062,0.046,0.039,19.548000000000002
0.0,0.0,0.0,18.785
0.0,0.0,0.0,17.831
0.0,0.0,0.0,16.223
0.0,0.0,0.0,14.266
0.0,0.0,0.0,13.211
0.0,0.0,0.0,12.928
0.0,0.0,0.0,12.86
0.0,0.0,0.0,12.922
0.0,0.0,0.0,13.266
0.0,0.0,0.0,13.183
0.0,0.0,0.0,12.907
0.0,0.002,0.001,12.605
0.16,0.128,0.06,12.647
0.435,0.357,0.14400000000000002,13.325
0.617,0.539,0.198,14.521
0.726,0.671,0.225,15.605
0.798,0.8290000000000001,0.182,16.603
0.8180000000000001,0.861,0.186,17.403
0.8250000000000001,0.878,0.185,17.967
0.8220000000000001,0.883,0.178,18.468
0.801,0.863,0.166,18.814
0.75,0.804,0.145,18.741
0.638,0.672,0.109,18.222
0.41500000000000004,0.437,0.049,17.29
0.012,0.025,0.001,16.267
0.0,0.0,0.0,15.525
0.0,0.0,0.0,14.881
0.0,0.0,0.0,14.349
0.0,0.0,0.0,13.921
0.0,0.0,0.0,13.424
0.0,0.0,0.0,12.9
0.0,0.0,0.0,12.61
0.0,0.0,0.0,12.512
0.0,0.0,0.0,12.509
0.0,0.0,0.0,12.401
0.0,0.003,0.001,12.222
0.125,0.096,0.054,12.636
0.275,0.177,0.139,13.848
0.447,0.307,0.214,15.517
0.636,0.539,0.233,16.762
0.671,0.531,0.293,17.434
0.5650000000000001,0.292,0.387,17.574
0.47900000000000004,0.171,0.395,17.368
0.446,0.163,0.361,17.03
0.395,0.16,0.30000000000000004,16.62
0.304,0.135,0.218,16.137
0.196,0.10400000000000001,0.127,15.608
0.094,0.075,0.044,15.095
0.0,0.003,0.001,14.648
0.0,0.0,0.0,14.326
0.0,0.0,0.0,14.03
0.0,0.0,0.0,13.774000000000001
0.0,0.0,0.0,13.546
0.0,0.0,0.0,13.357
0.0,0.0,0.0,13.187
0.0,0.0,0.0,12.986
0.0,0.0,0.0,12.707
0.0,0.0,0.0,12.411
0.0,0.0,0.0,12.076
0.002,0.008,0.002,11.712
0.274,0.251,0.061,11.834
0.539,0.502,0.125,12.813
0.668,0.633,0.171,13.915
0.727,0.684,0.209,14.933
0.754,0.71,0.229,15.765
0.767,0.715,0.246,16.35
0.755,0.685,0.26,16.742
0.646,0.481,0.305,16.821
0.665,0.5730000000000001,0.241,16.929
0.555,0.46,0.203,16.808
0.559,0.543,0.124,16.49
0.378,0.385,0.054,15.877
0.001,0.007,0.001,14.903
0.0,0.0,0.0,13.931000000000001
0.0,0.0,0.0,13.285
0.0,0.0,0.0,12.945
0.0,0.0,0.0,12.781
0.0,0.0,0.0,12.842
0.0,0.0,0.0,13.094
0.0,0.0,0.0,13.202
0.0,0.0,0.0,13.167
0.0,0.0,0.0,13.106
0.0,0.0,0.0,13.119
0.0,0.002,0.002,13.166
0.077,0.048,0.052000000000000005,13.395
0.223,0.117,0.14100000000000001,14.327
0.398,0.232,0.23,15.599
0.687,0.626,0.22,16.998
0.713,0.658,0.233,18.357
0.707,0.622,0.265,19.403
0.774,0.783,0.214,20.322
0.767,0.783,0.20500000000000002,20.784
0.78,0.839,0.171,20.928
0.732,0.784,0.149,20.702
0.633,0.672,0.111,20.05
0.417,0.44,0.052000000000000005,18.839
0.002,0.009000000000000001,0.001,17.159
0.0,0.0,0.0,16.068
0.0,0.0,0.0,15.461
0.0,0.0,0.0,14.979
0.0,0.0,0.0,14.536
0.0,0.0,0.0,14.09
0.0,0.0,0.0,13.641
0.0,0.0,0.0,13.191
0.0,0.0,0.0,12.784
0.0,0.0,0.0,12.35
0.0,0.0,0.0,11.9
0.006,0.014,0.003,11.519
0.328,0.314,0.058,11.878
0.593,0.593,0.109,13.923
0.706,0.734,0.14200000000000002,17.355
0.759,0.812,0.161,20.371
0.788,0.852,0.178,22.095
0.802,0.878,0.183,23.296
0.805,0.888,0.185,24.138
0.797,0.88,0.182,24.599
0.775,0.853,0.17200000000000001,24.659
0.728,0.797,0.15,24.351
0.632,0.685,0.113,23.645
0.425,0.456,0.054,22.057
0.003,0.01,0.001,19.866
0.0,0.0,0.0,18.338
0.0,0.0,0.0,17.405
0.0,0.0,0.0,16.801
0.0,0.0,0.0,16.347
0.0,0.0,0.0,16.033
0.0,0.0,0.0,15.747
0.0,0.0,0.0,15.438
0.0,0.0,0.0,15.25
0.0,0.0,0.0,15.12
0.0,0.0,0.0,14.855
0.001,0.005,0.002,14.543
0.135,0.10300000000000001,0.06,14.591
0.391,0.313,0.14,15.334
0.549,0.457,0.197,16.635
0.499,0.301,0.291,17.73
0.392,0.094,0.368,18.342
0.36,0.058,0.365,18.571
0.406,0.088,0.391,18.639
0.422,0.124,0.373,18.591
0.291,0.063,0.278,18.185
0.201,0.047,0.191,17.682
0.124,0.041,0.112,17.144
0.054,0.034,0.041,16.525
0.0,0.001,0.001,15.824
0.0,0.0,0.0,15.358
0.0,0.0,0.0,15.113
0.0,0.0,0.0,14.866
0.0,0.0,0.0,14.68
0.0,0.0,0.0,14.554
0.0,0.0,0.0,14.429
0.0,0.0,0.0,14.308
0.0,0.0,0.0,14.191
0.0,0.0,0.0,13.926
0.0,0.0,0.0,13.587
0.004,0.01,0.003,13.358
0.233,0.2,0.07,13.941
0.509,0.462,0.14,16.481
0.651,0.616,0.187,18.866
0.725,0.704,0.217,20.782
0.774,0.8250000000000001,0.185,22.523
0.788,0.854,0.19,24.124
0.792,0.869,0.19,25.415
0.784,0.866,0.186,26.119
0.766,0.848,0.17300000000000001,26.321
0.724,0.802,0.15,26.114
0.641,0.707,0.113,25.506
0.454,0.497,0.056,23.938
0.006,0.015,0.002,21.601
0.0,0.0,0.0,20.206
0.0,0.0,0.0,19.516
0.0,0.0,0.0,18.993
0.0,0.0,0.0,18.343
0.0,0.0,0.0,17.593
0.0,0.0,0.0,16.893
0.0,0.0,0.0,16.247
0.0,0.0,0.0,15.598
0.0,0.0,0.0,15.047
0.0,0.0,0.0,14.777
0.007,0.014,0.004,14.502
0.183,0.151,0.065,14.875
0.40700000000000003,0.335,0.14,16.875
0.558,0.487,0.193,20.071
0.66,0.626,0.214,23.643
0.739,0.772,0.20600000000000002,26.33
0.766,0.8300000000000001,0.202,27.894
0.722,0.718,0.246,28.641
0.756,0.8190000000000001,0.20400000000000001,29.095
0.738,0.806,0.187,29.173
0.654,0.684,0.17200000000000001,28.919
0.354,0.295,0.14100000000000001,28.139
0.035,0.022,0.033,26.252
0.0,0.001,0.001,23.272
0.0,0.0,0.0,19.256
0.0,0.0,0.0,15.518
0.0,0.0,0.0,14.126
0.0,0.0,0.0,13.059
0.0,0.0,0.0,12.49
0.0,0.0,0.0,12.501
0.0,0.0,0.0,12.666
0.0,0.0,0.0,12.831
0.0,0.0,0.0,12.873
0.0,0.0,0.0,12.644
0.018000000000000002,0.028,0.004,12.253
0.358,0.34500000000000003,0.063,12.327
0.607,0.604,0.114,13.39
0.731,0.756,0.14400000000000002,14.995
0.781,0.8190000000000001,0.166,16.696
0.802,0.848,0.181,18.422
0.808,0.857,0.192,19.989
0.806,0.857,0.197,21.149
0.801,0.86,0.191,21.937
0.736,0.747,0.2,22.155
0.5680000000000001,0.499,0.2,21.882
0.40900000000000003,0.34900000000000003,0.14,21.3
0.187,0.168,0.057,20.394
0.002,0.007,0.002,19.043
0.0,0.0,0.0,18.051
0.0,0.0,0.0,17.63
0.0,0.0,0.0,16.875
0.0,0.0,0.0,16.016
0.0,0.0,0.0,15.295
0.0,0.0,0.0,14.818
0.0,0.0,0.0,14.535
0.0,0.0,0.0,14.408
0.0,0.0,0.0,14.315
0.0,0.0,0.0,14.307
0.017,0.026000000000000002,0.005,14.316
0.31,0.291,0.066,14.926
0.546,0.526,0.124,16.447
0.667,0.661,0.162,18.366
0.736,0.752,0.183,20.164
0.771,0.8130000000000001,0.186,21.605
0.794,0.858,0.186,22.777
0.8,0.873,0.186,23.571
0.792,0.864,0.185,23.834
0.771,0.839,0.17500000000000002,23.822
0.729,0.793,0.152,23.615
0.648,0.7030000000000001,0.115,23.072
0.467,0.506,0.059000000000000004,22.171
0.011,0.021,0.003,20.948
0.0,0.0,0.0,19.949
0.0,0.0,0.0,19.089
0.0,0.0,0.0,18.271
0.0,0.0,0.0,17.437
0.0,0.0,0.0,16.582
0.0,0.0,0.0,15.817
0.0,0.0,0.0,15.06
0.0,0.0,0.0,14.382
0.0,0.0,0.0,13.785
0.0,0.0,0.0,13.234
0.027,0.038,0.005,12.747
0.354,0.34,0.065,13.114
0.601,0.605,0.113,15.267
0.705,0.732,0.145,17.937
0.759,0.802,0.165,19.495
0.782,0.8210000000000001,0.192,20.814
0.795,0.843,0.199,22.278
0.779,0.809,0.216,23.538
0.757,0.774,0.22,24.112
0.723,0.73,0.20700000000000002,24.001
0.67,0.679,0.176,23.669
0.554,0.554,0.131,23.089
0.327,0.328,0.063,22.159
0.007,0.015,0.003,20.774
0.0,0.0,0.0,19.616
0.0,0.0,0.0,18.799
0.0,0.0,0.0,17.848
0.0,0.0,0.0,16.93
0.0,0.0,0.0,15.94
0.0,0.0,0.0,15.223
0.0,0.0,0.0,14.808
0.0,0.0,0.0,14.575
0.0,0.0,0.0,14.305
0.0,0.0,0.0,14.093
0.002,0.007,0.004,14.001
0.132,0.093,0.067,14.287
0.547,0.521,0.127,15.652
0.669,0.657,0.166,17.546
0.732,0.734,0.191,19.296
0.735,0.684,0.251,20.311
0.712,0.597,0.304,20.7
0.665,0.486,0.34600000000000003,20.804
0.601,0.39,0.34900000000000003,20.421
0.499,0.28500000000000003,0.313,19.313
0.326,0.147,0.234,17.662
0.11900000000000001,0.037,0.11,15.853
0.063,0.039,0.046,14.925
0.002,0.006,0.003,14.248
0.0,0.0,0.0,13.778
0.0,0.0,0.0,13.575
0.0,0.0,0.0,13.737
0.0,0.0,0.0,13.648
0.0,0.0,0.0,13.228
0.0,0.0,0.0,12.839
0.0,0.0,0.0,12.600999999999999
0.0,0.0,0.0,12.493
0.0,0.0,0.0,12.387
0.0,0.0,0.0,12.316
0.021,0.03,0.006,12.368
0.312,0.28200000000000003,0.074,12.88
0.553,0.514,0.135,13.792
0.67,0.63,0.181,14.845
0.634,0.495,0.271,15.838
0.735,0.66,0.254,16.536
0.776,0.731,0.248,17.146
0.779,0.737,0.251,17.697
0.768,0.731,0.241,18.033
0.739,0.708,0.22,18.053
0.673,0.641,0.189,17.803
0.51,0.463,0.14300000000000002,17.272
0.195,0.167,0.064,16.552
0.001,0.006,0.003,15.858
0.0,0.0,0.0,15.385
0.0,0.0,0.0,14.974
0.0,0.0,0.0,14.492
0.0,0.0,0.0,14.12
0.0,0.0,0.0,13.849
0.0,0.0,0.0,13.751
0.0,0.0,0.0,13.879
0.0,0.0,0.0,14.014
0.0,0.0,0.0,14.141
0.0,0.0,0.0,13.99
0.005,0.01,0.005,13.868
0.14100000000000001,0.098,0.07200000000000001,14.701
0.381,0.28500000000000003,0.158,16.396
0.548,0.441,0.216,17.667
0.656,0.561,0.247,18.614
0.769,0.784,0.2,19.505
0.803,0.849,0.193,20.229
0.8130000000000001,0.872,0.191,20.689
0.809,0.869,0.188,20.884
0.792,0.851,0.177,20.757
0.749,0.801,0.156,20.343
0.671,0.716,0.11900000000000001,19.59
0.485,0.513,0.064,18.515
0.02,0.031,0.004,17.167
0.0,0.0,0.0,16.145
0.0,0.0,0.0,15.517
0.0,0.0,0.0,14.968
0.0,0.0,0.0,14.478
0.0,0.0,0.0,13.993
0.0,0.0,0.0,13.704
0.0,0.0,0.0,13.482
0.0,0.0,0.0,13.439
0.0,0.0,0.0,13.418
0.0,0.0,0.0,13.368
0.033,0.043000000000000003,0.007,13.298
0.303,0.276,0.07200000000000001,13.99
0.5700000000000001,0.557,0.123,16.182
0.6990000000000001,0.718,0.152,18.135
0.756,0.795,0.171,19.872
0.789,0.849,0.178,21.335
0.804,0.876,0.184,22.432
0.809,0.887,0.185,23.14
0.805,0.886,0.182,23.565
0.787,0.864,0.17400000000000002,23.579
0.746,0.8160000000000001,0.154,23.206
0.663,0.718,0.11900000000000001,22.42
0.483,0.517,0.065,21.039
0.024,0.036000000000000004,0.005,19.178
0.0,0.0,0.0,17.926
0.0,0.0,0.0,17.246
0.0,0.0,0.0,16.753
0.0,0.0,0.0,16.304
0.0,0.0,0.0,15.844
0.0,0.0,0.0,15.417
0.0,0.0,0.0,15.061
0.0,0.0,0.0,14.81
0.0,0.0,0.0,14.836
0.0,0.0,0.0,14.68
0.041,0.052000000000000005,0.007,14.462
0.34900000000000003,0.331,0.07100000000000001,15.044
0.582,0.579,0.121,17.172
0.6910000000000001,0.715,0.152,20.09
0.746,0.795,0.171,22.564
0.777,0.846,0.182,24.506
0.79,0.872,0.188,25.869
0.795,0.882,0.19,26.62
0.786,0.868,0.191,26.919
0.736,0.78,0.196,26.854
0.589,0.547,0.199,26.262
0.529,0.521,0.138,25.228
0.47800000000000004,0.518,0.067,23.775
0.026000000000000002,0.039,0.005,21.82
0.0,0.0,0.0,20.202
0.0,0.0,0.0,19.197
0.0,0.0,0.0,18.556
0.0,0.0,0.0,18.065
0.0,0.0,0.0,17.673000000000002
0.0,0.0,0.0,17.326
0.0,0.0,0.0,17.043
0.0,0.0,0.0,16.773
0.0,0.0,0.0,16.643
0.0,0.0,0.0,16.556
0.042,0.054,0.008,16.467
0.318,0.296,0.075,17.319
0.5710000000000001,0.5690000000000001,0.124,19.339
0.681,0.7030000000000001,0.157,21.483
0.738,0.78,0.177,23.349
0.726,0.706,0.24,24.733
0.722,0.673,0.272,25.674
0.603,0.393,0.373,26.101
0.494,0.23900000000000002,0.375,26.101
0.655,0.592,0.253,26.209
0.6920000000000001,0.721,0.18,25.99
0.58,0.591,0.138,25.024
0.336,0.331,0.07200000000000001,23.289
0.013000000000000001,0.021,0.005,21.278
0.0,0.0,0.0,20.067
0.0,0.0,0.0,19.605
0.0,0.0,0.0,19.46
0.0,0.0,0.0,19.466
0.0,0.0,0.0,19.476
0.0,0.0,0.0,19.329
0.0,0.0,0.0,18.905
0.0,0.0,0.0,18.462
0.0,0.0,0.0,18.071
0.0,0.0,0.0,17.775
0.005,0.009000000000000001,0.006,17.573
0.139,0.093,0.077,17.886
0.585,0.582,0.128,18.89
0.6980000000000001,0.716,0.162,20.149
0.749,0.776,0.188,21.522
0.759,0.78,0.20600000000000002,22.486
0.678,0.558,0.305,22.922
0.5680000000000001,0.324,0.381,23.034
0.5680000000000001,0.359,0.34500000000000003,23.084
0.772,0.8250000000000001,0.188,23.321
0.792,0.9,0.145,23.25
0.722,0.8140000000000001,0.116,22.818
0.5720000000000001,0.639,0.067,21.968
0.049,0.065,0.006,20.74
0.0,0.0,0.0,19.717
0.0,0.0,0.0,18.999
0.0,0.0,0.0,18.302
0.0,0.0,0.0,17.486
0.0,0.0,0.0,16.607
0.0,0.0,0.0,15.862
0.0,0.0,0.0,15.351
0.0,0.0,0.0,14.972
0.0,0.0,0.0,14.613
0.0,0.0,0.0,14.11
0.081,0.095,0.009000000000000001,13.748
0.41100000000000003,0.403,0.07200000000000001,14.435
0.63,0.644,0.117,16.194
0.733,0.776,0.14400000000000002,18.276
0.782,0.85,0.16,20.484
0.807,0.901,0.162,22.339
0.8170000000000001,0.926,0.166,24.144
0.811,0.916,0.17500000000000002,25.475
0.812,0.93,0.17,26.208
0.809,0.9390000000000001,0.157,26.445
0.78,0.903,0.14200000000000002,26.24
0.718,0.8260000000000001,0.113,25.665
0.579,0.659,0.066,24.565
0.057,0.074,0.007,21.982
0.0,0.0,0.0,20.308
0.0,0.0,0.0,19.206
0.0,0.0,0.0,18.371
0.0,0.0,0.0,17.561
0.0,0.0,0.0,16.32
0.0,0.0,0.0,15.117
0.0,0.0,0.0,14.592
0.0,0.0,0.0,13.957
0.0,0.0,0.0,13.06
0.0,0.0,0.0,12.285
0.091,0.10400000000000001,0.01,11.849
0.328,0.297,0.077,12.717
0.553,0.524,0.131,15.17
0.726,0.772,0.14200000000000002,18.949
0.769,0.842,0.158,22.164
0.788,0.86,0.187,24.818
0.795,0.883,0.195,27.282
0.794,0.892,0.197,29.196
0.761,0.8220000000000001,0.216,30.017
0.633,0.5690000000000001,0.26,29.816
0.598,0.5680000000000001,0.20700000000000002,29.477
0.585,0.614,0.139,29.106
0.42,0.446,0.075,28.143
0.025,0.036000000000000004,0.007,25.732
0.0,0.0,0.0,23.734
0.0,0.0,0.0,22.471
0.0,0.0,0.0,21.454
0.0,0.0,0.0,21.026
0.0,0.0,0.0,20.813
0.0,0.0,0.0,20.271
0.0,0.0,0.0,19.74
0.0,0.0,0.0,19.09
0.0,0.0,0.0,18.415
0.0,0.0,0.0,17.845
0.001,0.004,0.005,17.411
0.07200000000000001,0.032,0.063,17.451
0.362,0.257,0.168,18.194
0.677,0.669,0.17400000000000002,19.258
0.742,0.752,0.195,20.429
0.782,0.8200000000000001,0.196,21.556
0.806,0.869,0.194,22.571
0.8210000000000001,0.904,0.189,23.148
0.8240000000000001,0.916,0.182,23.243
0.808,0.894,0.17500000000000002,22.904
0.499,0.375,0.232,21.964
0.369,0.281,0.158,20.874
0.593,0.654,0.07,19.608
0.07,0.085,0.008,17.641
0.0,0.0,0.0,15.891
0.0,0.0,0.0,14.923
0.0,0.0,0.0,14.157
0.0,0.0,0.0,13.493
0.0,0.0,0.0,12.833
0.0,0.0,0.0,12.341
0.0,0.0,0.0,12.105
0.0,0.0,0.0,12.106
0.0,0.0,0.0,12.162
0.0,0.0,0.0,12.055
0.014,0.019,0.008,11.791
0.312,0.272,0.083,11.691
0.536,0.481,0.14300000000000002,12.736
0.684,0.651,0.17500000000000002,13.798
0.77,0.769,0.186,14.648
0.8180000000000001,0.8300000000000001,0.20400000000000001,15.303
0.845,0.876,0.20400000000000001,15.731
0.859,0.905,0.2,16.043
0.855,0.902,0.198,16.203
0.833,0.873,0.19,16.21
0.78,0.807,0.17200000000000001,16.029
0.6890000000000001,0.707,0.135,15.795
0.491,0.497,0.078,15.408
0.048,0.059000000000000004,0.009000000000000001,14.95
0.0,0.0,0.0,14.75
0.0,0.0,0.0,14.65
0.0,0.0,0.0,14.543
0.0,0.0,0.0,14.193
0.0,0.0,0.0,13.609
0.0,0.0,0.0,13.17
0.0,0.0,0.0,12.832
0.0,0.0,0.0,12.578
0.0,0.0,0.0,12.489
0.0,0.0,0.0,12.407
0.007,0.01,0.008,12.464
0.07100000000000001,0.029,0.065,12.856
0.176,0.056,0.151,13.409
0.268,0.07200000000000001,0.23700000000000002,14.165
0.309,0.06,0.296,14.724
0.34,0.041,0.35100000000000003,15.011
0.334,0.032,0.354,15.194
0.367,0.044,0.381,15.453
0.34500000000000003,0.047,0.353,15.628
0.258,0.032,0.268,15.641
0.20700000000000002,0.036000000000000004,0.20700000000000002,15.58
0.14100000000000001,0.037,0.133,15.472
0.045,0.017,0.047,15.157
0.0,0.002,0.004,14.613
0.0,0.0,0.0,14.269
0.0,0.0,0.0,14.046
0.0,0.0,0.0,13.771
0.0,0.0,0.0,13.506
0.0,0.0,0.0,13.296
0.0,0.0,0.0,13.14
0.0,0.0,0.0,12.85
0.0,0.0,0.0,12.509
0.0,0.0,0.0,12.5
0.0,0.0,0.0,12.462
0.007,0.008,0.01,12.489
0.117,0.057,0.08600000000000001,13.314
0.40900000000000003,0.28300000000000003,0.19,14.792
0.523,0.34500000000000003,0.274,16.084
0.709,0.601,0.279,17.343
0.783,0.797,0.202,18.581
0.835,0.913,0.177,19.599
0.836,0.915,0.183,20.396
0.8150000000000001,0.872,0.194,20.907
0.804,0.869,0.181,21.065
0.788,0.867,0.154,20.868
0.6880000000000001,0.736,0.128,20.138
0.2,0.164,0.075,18.829
0.012,0.017,0.007,17.549
0.0,0.0,0.0,16.813
0.0,0.0,0.0,16.474
0.0,0.0,0.0,16.281
0.0,0.0,0.0,16.09
0.0,0.0,0.0,15.801
0.0,0.0,0.0,15.333
0.0,0.0,0.0,14.782
0.0,0.0,0.0,14.32
0.0,0.0,0.0,14.016
0.0,0.0,0.0,13.715
0.084,0.092,0.015,13.49
0.434,0.424,0.077,14.277
0.626,0.635,0.123,16.705
0.724,0.769,0.149,20.043
0.77,0.842,0.165,23.018
0.794,0.876,0.182,24.877
0.808,0.905,0.187,26.055
0.8150000000000001,0.92,0.188,26.718
0.8130000000000001,0.919,0.186,26.905
0.798,0.901,0.178,26.77
0.764,0.858,0.161,26.398
0.6900000000000001,0.767,0.129,25.738
0.534,0.585,0.077,24.461
0.078,0.095,0.01,22.428
0.0,0.0,0.0,20.634
0.0,0.0,0.0,19.694
0.0,0.0,0.0,18.85
0.0,0.0,0.0,18.006
0.0,0.0,0.0,17.304
0.0,0.0,0.0,17.035
0.0,0.0,0.0,16.854
0.0,0.0,0.0,16.461
0.0,0.0,0.0,16.288
0.0,0.0,0.0,16.4
0.021,0.023,0.013000000000000001,16.209
0.178,0.124,0.088,16.98
0.352,0.24,0.17400000000000002,19.134
0.399,0.218,0.259,21.668
0.462,0.233,0.332,24.256
0.47200000000000003,0.185,0.399,26.153
0.591,0.358,0.399,27.865
0.7010000000000001,0.629,0.305,29.381
0.674,0.592,0.302,30.073
0.5720000000000001,0.436,0.303,30.066
0.485,0.366,0.247,29.707
0.339,0.248,0.17,28.734
0.153,0.117,0.076,26.575
0.008,0.013000000000000001,0.007,23.693
0.0,0.0,0.0,21.887
0.0,0.0,0.0,21.319
0.0,0.0,0.0,21.18
0.0,0.0,0.0,21.089
0.0,0.0,0.0,20.929
0.0,0.0,0.0,20.546
0.0,0.0,0.0,20.069
0.0,0.0,0.0,19.706
0.0,0.0,0.0,19.514
0.0,0.0,0.0,19.476
0.067,0.074,0.017,19.205
0.405,0.393,0.085,19.105
0.624,0.635,0.131,19.341
0.736,0.778,0.157,19.933
0.798,0.867,0.169,20.709
0.8300000000000001,0.9420000000000001,0.154,21.457
0.842,0.963,0.159,22.237
0.849,0.976,0.162,22.815
0.848,0.974,0.163,22.912
0.839,0.96,0.159,22.515
0.8160000000000001,0.93,0.145,21.73
0.76,0.858,0.11800000000000001,20.568
0.627,0.6950000000000001,0.074,19.063
0.111,0.128,0.011,17.401
0.0,0.0,0.0,16.268
0.0,0.0,0.0,15.738
0.0,0.0,0.0,15.36
0.0,0.0,0.0,15.07
0.0,0.0,0.0,14.608
0.0,0.0,0.0,14.19
0.0,0.0,0.0,13.819
0.0,0.0,0.0,13.572
0.0,0.0,0.0,13.317
0.0,0.0,0.0,13.211
0.053,0.057,0.016,13.292
0.34500000000000003,0.31,0.08700000000000001,14.594
0.5710000000000001,0.543,0.137,15.94
0.641,0.589,0.189,16.682
0.613,0.466,0.276,17.172
0.579,0.304,0.393,17.506
0.526,0.19,0.438,17.714
0.505,0.167,0.434,17.979
0.628,0.399,0.369,18.483
0.742,0.6910000000000001,0.246,18.838
0.729,0.721,0.196,18.633
0.676,0.6910000000000001,0.14400000000000002,17.989
0.5,0.506,0.08600000000000001,17.012
0.08,0.091,0.012,15.914
0.0,0.0,0.0,15.186
0.0,0.0,0.0,14.905
0.0,0.0,0.0,14.769
0.0,0.0,0.0,14.798
0.0,0.0,0.0,14.83
0.0,0.0,0.0,14.788
0.0,0.0,0.0,14.707
0.0,0.0,0.0,14.64
0.0,0.0,0.0,14.633
0.0,0.0,0.0,14.629
0.013000000000000001,0.013000000000000001,0.013000000000000001,14.643
0.126,0.067,0.08700000000000001,15.255
0.295,0.158,0.185,16.09
0.535,0.386,0.251,17.069
0.708,0.637,0.246,18.19
0.74,0.681,0.255,19.22
0.719,0.602,0.307,19.961
0.752,0.684,0.279,20.631
0.777,0.768,0.23800000000000002,21.071
0.789,0.8250000000000001,0.201,21.125
0.765,0.811,0.17200000000000001,20.676
0.686,0.721,0.137,19.777
0.519,0.538,0.083,18.541
0.094,0.108,0.013000000000000001,17.254
0.0,0.0,0.0,16.309
0.0,0.0,0.0,15.617
0.0,0.0,0.0,15.106
0.0,0.0,0.0,14.821
0.0,0.0,0.0,14.742
0.0,0.0,0.0,14.739
0.0,0.0,0.0,14.682
0.0,0.0,0.0,14.561
0.0,0.0,0.0,14.515
0.0,0.0,0.0,14.495
0.03,0.031,0.016,14.548
0.233,0.176,0.095,15.211
0.485,0.406,0.163,15.841
0.621,0.543,0.209,17.006
0.5650000000000001,0.367,0.314,18.416
0.523,0.17300000000000001,0.456,19.255
0.381,0.045,0.405,19.468
0.354,0.037,0.381,19.483
0.303,0.029,0.328,19.399
0.262,0.03,0.279,19.254
0.197,0.028,0.20700000000000002,18.967
0.135,0.03,0.136,18.425
0.07,0.028,0.065,17.629
0.007,0.009000000000000001,0.009000000000000001,16.659
0.0,0.0,0.0,16.035
0.0,0.0,0.0,15.839
0.0,0.0,0.0,15.772
0.0,0.0,0.0,15.705
0.0,0.0,0.0,15.64
0.0,0.0,0.0,15.546
0.0,0.0,0.0,15.473
0.0,0.0,0.0,15.32
0.0,0.0,0.0,15.123
0.0,0.0,0.0,14.958
0.006,0.005,0.011,14.795
0.066,0.017,0.07100000000000001,14.848
0.18,0.042,0.17,15.082
0.278,0.056,0.266,15.462
0.354,0.062,0.34900000000000003,16.189
0.379,0.055,0.386,16.899
0.373,0.043000000000000003,0.392,17.184
0.391,0.052000000000000005,0.405,17.358
0.356,0.049,0.366,17.393
0.311,0.051000000000000004,0.311,17.249
0.23,0.043000000000000003,0.227,16.922
0.194,0.066,0.164,16.602
0.092,0.044,0.073,16.129
0.01,0.012,0.01,15.408
0.0,0.0,0.0,14.957
0.0,0.0,0.0,14.845
0.0,0.0,0.0,14.832
0.0,0.0,0.0,14.864
0.0,0.0,0.0,14.91
0.0,0.0,0.0,14.998
0.0,0.0,0.0,14.923
0.0,0.0,0.0,14.817
0.0,0.0,0.0,14.75
0.0,0.0,0.0,14.609
0.014,0.012,0.015,14.37
0.126,0.058,0.096,14.509
0.305,0.147,0.20400000000000001,14.873
0.424,0.191,0.302,15.424
0.491,0.192,0.386,16.333
0.502,0.17,0.424,16.93
0.434,0.085,0.424,17.077
0.47900000000000004,0.124,0.442,17.334
0.616,0.352,0.397,17.918
0.47400000000000003,0.20600000000000002,0.356,18.128
0.541,0.386,0.263,18.226
0.269,0.139,0.177,17.915
0.126,0.076,0.079,17.424
0.017,0.02,0.011,16.819
0.0,0.0,0.0,15.986
0.0,0.0,0.0,15.15
0.0,0.0,0.0,14.662
0.0,0.0,0.0,14.367
0.0,0.0,0.0,14.201
0.0,0.0,0.0,14.079
0.0,0.0,0.0,14.037
0.0,0.0,0.0,13.965
0.0,0.0,0.0,13.821
0.0,0.0,0.0,13.729
0.039,0.037,0.02,13.815
0.23,0.162,0.105,14.99
0.399,0.274,0.193,17.047
0.624,0.531,0.231,18.214
0.728,0.671,0.247,19.314
0.675,0.527,0.317,20.056
0.61,0.35000000000000003,0.402,20.449
0.752,0.681,0.28400000000000003,21.072
0.646,0.463,0.34400000000000003,21.225
0.637,0.505,0.289,21.173
0.525,0.389,0.248,20.761
0.651,0.663,0.147,20.155
0.52,0.538,0.088,19.235
0.126,0.14100000000000001,0.015,18.195
0.0,0.0,0.0,17.323
0.0,0.0,0.0,16.737
0.0,0.0,0.0,16.367
0.0,0.0,0.0,16.159
0.0,0.0,0.0,16.023
0.0,0.0,0.0,15.853
0.0,0.0,0.0,15.624
0.0,0.0,0.0,15.359
0.0,0.0,0.0,15.016
0.0,0.0,0.0,14.682
0.085,0.08700000000000001,0.023,14.625
0.381,0.34800000000000003,0.095,16.075
0.583,0.56,0.146,18.308
0.6900000000000001,0.685,0.18,20.044
0.75,0.766,0.199,21.458
0.785,0.808,0.222,22.694
0.802,0.836,0.228,23.582
0.807,0.845,0.231,24.063
0.797,0.8290000000000001,0.231,24.115
0.758,0.764,0.229,23.813
0.6890000000000001,0.672,0.20800000000000002,23.249
0.47400000000000003,0.399,0.176,22.281
0.191,0.14200000000000002,0.089,21.003
0.026000000000000002,0.03,0.013000000000000001,19.749
0.0,0.0,0.0,18.965
0.0,0.0,0.0,18.596
0.0,0.0,0.0,18.3
0.0,0.0,0.0,18.143
0.0,0.0,0.0,18.068
0.0,0.0,0.0,18.008
0.0,0.0,0.0,17.915
0.0,0.0,0.0,17.803
0.0,0.0,0.0,17.715
0.0,0.0,0.0,17.576
0.009000000000000001,0.008,0.013000000000000001,17.459
0.085,0.032,0.078,17.946
0.25,0.11,0.185,19.196
0.47800000000000004,0.305,0.27,20.924
0.589,0.41400000000000003,0.318,22.479
0.629,0.418,0.376,23.669
0.64,0.403,0.41000000000000003,24.366
0.5700000000000001,0.268,0.445,24.669
0.483,0.177,0.417,24.562
0.419,0.157,0.352,24.135
0.358,0.16,0.272,23.628
0.278,0.152,0.181,22.969
0.16,0.108,0.088,22.122
0.029,0.033,0.014,21.006
0.0,0.0,0.0,20.018
0.0,0.0,0.0,19.438
0.0,0.0,0.0,18.893
0.0,0.0,0.0,18.503
0.0,0.0,0.0,18.186
0.0,0.0,0.0,17.919
0.0,0.0,0.0,17.743
0.0,0.0,0.0,17.63
0.0,0.0,0.0,17.545
0.0,0.0,0.0,17.398
0.035,0.032,0.021,17.324
0.245,0.181,0.108,18.018
0.517,0.448,0.17400000000000002,19.715
0.644,0.59,0.217,22.124
0.676,0.591,0.273,23.955
0.656,0.453,0.387,24.985
0.603,0.298,0.465,25.314
0.318,0.031,0.354,24.628
0.27,0.024,0.301,23.787
0.179,0.013000000000000001,0.20600000000000002,22.884
0.108,0.008,0.13,21.843
0.06,0.007,0.077,20.985
0.024,0.005,0.035,20.363
0.001,0.002,0.006,19.693
0.0,0.0,0.0,19.19
0.0,0.0,0.0,18.872
0.0,0.0,0.0,18.539
0.0,0.0,0.0,18.197
0.0,0.0,0.0,17.809
0.0,0.0,0.0,17.41
0.0,0.0,0.0,16.998
0.0,0.0,0.0,16.582
0.0,0.0,0.0,16.193
0.0,0.0,0.0,15.942
0.059000000000000004,0.055,0.026000000000000002,16.035
0.311,0.248,0.113,16.641
0.515,0.426,0.188,17.941
0.639,0.55,0.242,20.144
0.6910000000000001,0.589,0.292,22.668
0.735,0.715,0.243,24.284
0.746,0.724,0.258,25.217
0.75,0.73,0.261,25.636
0.756,0.759,0.241,25.676
0.721,0.71,0.232,25.414
0.717,0.748,0.186,24.883
0.641,0.666,0.147,23.955
0.47400000000000003,0.483,0.091,22.61
0.134,0.15,0.017,21.029
0.0,0.0,0.0,19.898
0.0,0.0,0.0,19.478
0.0,0.0,0.0,19.256
0.0,0.0,0.0,19.134
0.0,0.0,0.0,19.125
0.0,0.0,0.0,18.967
0.0,0.0,0.0,18.693
0.0,0.0,0.0,18.487
0.0,0.0,0.0,18.35
0.0,0.0,0.0,18.212
0.093,0.094,0.026000000000000002,18.231
0.405,0.384,0.095,19.202
0.605,0.607,0.139,21.093
0.6990000000000001,0.727,0.169,23.156
0.749,0.801,0.186,25.243
0.772,0.8290000000000001,0.209,27.172
0.781,0.846,0.218,28.77
0.782,0.851,0.222,29.926
0.768,0.8280000000000001,0.226,30.543
0.735,0.777,0.221,30.709
0.677,0.7010000000000001,0.2,30.447
0.596,0.615,0.156,29.47
0.261,0.224,0.096,27.772
0.108,0.122,0.019,25.733
0.0,0.0,0.0,23.958
0.0,0.0,0.0,23.147
0.0,0.0,0.0,22.668
0.0,0.0,0.0,21.748
0.0,0.0,0.0,20.966
0.0,0.0,0.0,20.42
0.0,0.0,0.0,20.093
0.0,0.0,0.0,19.702
0.0,0.0,0.0,19.373
0.0,0.0,0.0,19.18
0.025,0.022,0.02,19.006
0.152,0.08600000000000001,0.099,19.161
0.34400000000000003,0.214,0.192,19.597
0.597,0.507,0.227,20.623
0.7010000000000001,0.652,0.24,22.127
0.77,0.79,0.224,24.205
0.783,0.8250000000000001,0.228,26.746
0.784,0.844,0.226,28.969
0.779,0.853,0.218,30.198
0.762,0.839,0.20500000000000002,30.477
0.728,0.8,0.182,30.026
0.659,0.717,0.146,28.679
0.547,0.593,0.092,25.604
0.17,0.189,0.019,22.38
0.0,0.0,0.0,19.824
0.0,0.0,0.0,18.162
0.0,0.0,0.0,17.41
0.0,0.0,0.0,17.021
0.0,0.0,0.0,16.617
0.0,0.0,0.0,16.294
0.0,0.0,0.0,16.092
0.0,0.0,0.0,16.015
0.0,0.0,0.0,15.96
0.0,0.0,0.0,15.837
0.036000000000000004,0.031,0.023,15.838
0.179,0.109,0.10300000000000001,16.323
0.338,0.2,0.193,16.988
0.43,0.228,0.278,17.618
0.465,0.197,0.354,18.163
0.5740000000000001,0.298,0.398,18.859
0.644,0.4,0.396,19.627
0.6960000000000001,0.523,0.354,20.426
0.81,0.835,0.225,21.109
0.802,0.842,0.20500000000000002,21.287
0.768,0.809,0.182,20.999
0.6930000000000001,0.724,0.147,20.341
0.538,0.555,0.094,19.297
0.184,0.2,0.02,18.054
0.0,0.0,0.0,17.044
0.0,0.0,0.0,16.419
0.0,0.0,0.0,15.982
0.0,0.0,0.0,15.686
0.0,0.0,0.0,15.481
0.0,0.0,0.0,15.384
0.0,0.0,0.0,15.413
0.0,0.0,0.0,15.479
0.0,0.0,0.0,15.423
0.0,0.0,0.0,15.316
0.099,0.095,0.029,15.456
0.359,0.314,0.105,16.752
0.45,0.35000000000000003,0.184,18.771
0.375,0.165,0.28,20.556
0.5670000000000001,0.371,0.328,22.339
0.757,0.709,0.28600000000000003,24.557
0.716,0.5720000000000001,0.366,26.052
0.527,0.182,0.47500000000000003,25.904
0.535,0.228,0.439,25.423
0.5680000000000001,0.352,0.36,25.137
0.334,0.122,0.281,24.143
0.10200000000000001,0.017,0.115,22.543
0.036000000000000004,0.009000000000000001,0.046,20.931
0.007,0.007,0.011,19.468
0.0,0.0,0.0,18.537
0.0,0.0,0.0,18.163
0.0,0.0,0.0,17.909
0.0,0.0,0.0,17.752
0.0,0.0,0.0,17.642
0.0,0.0,0.0,17.616
0.0,0.0,0.0,17.593
0.0,0.0,0.0,17.57
0.0,0.0,0.0,17.554
0.0,0.0,0.0,17.473
0.022,0.016,0.022,17.493
0.171,0.093,0.112,18.063
0.34700000000000003,0.196,0.212,18.94
0.386,0.155,0.303,20.03
0.39,0.096,0.367,20.662
0.42,0.084,0.417,20.886
0.4,0.059000000000000004,0.418,20.791
0.371,0.047,0.394,20.686
0.451,0.114,0.426,20.885
0.468,0.185,0.377,21.169
0.41600000000000004,0.203,0.294,21.162
0.311,0.17,0.198,20.858
0.241,0.18,0.107,20.262
0.08700000000000001,0.091,0.022,19.321
0.0,0.0,0.0,18.495
0.0,0.0,0.0,18.006
0.0,0.0,0.0,17.57
0.0,0.0,0.0,17.413
0.0,0.0,0.0,17.345
0.0,0.0,0.0,17.251
0.0,0.0,0.0,17.03
0.0,0.0,0.0,16.72
0.0,0.0,0.0,16.494
0.0,0.0,0.0,16.315
0.049,0.04,0.029,16.095
0.17300000000000001,0.094,0.113,17.152
0.297,0.139,0.21,18.917
0.381,0.148,0.304,20.233
0.468,0.17500000000000002,0.388,21.208
0.733,0.64,0.305,22.458
0.74,0.628,0.332,23.364
0.74,0.627,0.336,23.841
0.6960000000000001,0.547,0.34800000000000003,23.724
0.716,0.642,0.279,23.133
0.386,0.177,0.28500000000000003,21.971
0.114,0.022,0.122,20.475
0.021,0.005,0.032,19.066
0.0,0.001,0.004,17.836
0.0,0.0,0.0,17.186
0.0,0.0,0.0,16.799
0.0,0.0,0.0,16.38
0.0,0.0,0.0,15.982
0.0,0.0,0.0,15.481
0.0,0.0,0.0,15.049
0.0,0.0,0.0,14.541
0.0,0.0,0.0,14.078
0.0,0.0,0.0,13.869
0.0,0.0,0.0,13.427
0.05,0.041,0.029,13.354
0.20500000000000002,0.125,0.114,14.146
0.354,0.2,0.20800000000000002,15.063
0.539,0.359,0.279,15.919
0.71,0.599,0.28,16.821
0.8220000000000001,0.875,0.181,17.812
0.84,0.91,0.181,18.639
0.853,0.9440000000000001,0.17500000000000002,19.301
0.852,0.9440000000000001,0.17500000000000002,19.615
0.841,0.931,0.17,19.648
0.811,0.895,0.156,19.54
0.747,0.8170000000000001,0.131,19.261
0.618,0.668,0.088,18.813
0.294,0.323,0.021,18.046
0.0,0.0,0.0,16.835
0.0,0.0,0.0,16.092
0.0,0.0,0.0,15.829
0.0,0.0,0.0,15.747
0.0,0.0,0.0,15.754
0.0,0.0,0.0,15.693
0.0,0.0,0.0,15.535
0.0,0.0,0.0,15.389
0.0,0.0,0.0,15.216
0.0,0.0,0.0,14.956
0.168,0.168,0.032,14.658
0.499,0.496,0.091,15.877
0.66,0.685,0.129,18.351
0.741,0.788,0.154,19.977
0.785,0.852,0.168,21.404
0.808,0.89,0.178,22.75
0.8200000000000001,0.915,0.181,23.846
0.8240000000000001,0.924,0.184,24.669
0.8200000000000001,0.922,0.183,25.072
0.806,0.902,0.178,25.034
0.774,0.859,0.164,24.547
0.708,0.777,0.136,23.646
0.5710000000000001,0.613,0.091,22.31
0.262,0.289,0.022,20.587
0.0,0.0,0.0,19.287
0.0,0.0,0.0,18.661
0.0,0.0,0.0,18.247
0.0,0.0,0.0,17.901
0.0,0.0,0.0,17.609
0.0,0.0,0.0,17.354
0.0,0.0,0.0,17.092
0.0,0.0,0.0,16.729
0.0,0.0,0.0,16.423
0.0,0.0,0.0,16.141
0.17400000000000002,0.17500000000000002,0.033,16.126
0.494,0.493,0.092,17.294
0.654,0.679,0.131,19.431
0.72,0.758,0.163,21.718
0.749,0.788,0.189,23.723
0.778,0.791,0.244,25.359
0.798,0.8320000000000001,0.245,26.574
0.8,0.838,0.248,27.265
0.793,0.8320000000000001,0.243,27.439
0.778,0.8230000000000001,0.225,27.212
0.731,0.763,0.203,26.693
0.629,0.636,0.168,25.84
0.451,0.444,0.107,24.532
0.182,0.197,0.025,22.842
0.0,0.0,0.0,21.345
0.0,0.0,0.0,20.526
0.0,0.0,0.0,20.053
0.0,0.0,0.0,19.748
0.0,0.0,0.0,19.534
0.0,0.0,0.0,19.332
0.0,0.0,0.0,19.25
0.0,0.0,0.0,19.053
0.0,0.0,0.0,18.855
0.0,0.0,0.0,18.648
0.011,0.006,0.017,18.636
0.067,0.017,0.073,19.198
0.14400000000000002,0.028,0.15,20.365
0.25,0.05,0.249,21.826
0.327,0.062,0.331,23.278
0.328,0.034,0.362,24.332
0.316,0.025,0.357,24.954
0.29,0.02,0.331,25.287
0.253,0.017,0.29,25.396
0.21,0.016,0.241,25.449
0.133,0.011,0.158,25.21
0.07200000000000001,0.007,0.091,24.49
0.029,0.006,0.042,23.455
0.004,0.004,0.009000000000000001,22.443
0.0,0.0,0.0,21.6
0.0,0.0,0.0,21.005
0.0,0.0,0.0,20.624
0.0,0.0,0.0,20.372
0.0,0.0,0.0,20.117
0.0,0.0,0.0,19.794
0.0,0.0,0.0,19.318
0.0,0.0,0.0,18.749
0.0,0.0,0.0,18.256
0.0,0.0,0.0,17.916
0.068,0.055,0.036000000000000004,17.881
0.264,0.182,0.129,18.928
0.539,0.454,0.2,20.313
0.672,0.599,0.247,21.506
0.741,0.676,0.281,22.528
0.787,0.8190000000000001,0.219,23.354
0.807,0.856,0.219,24.01
0.8,0.8310000000000001,0.23500000000000001,24.359
0.785,0.803,0.23800000000000002,24.453
0.747,0.742,0.23500000000000001,24.352
0.669,0.634,0.219,23.928
0.658,0.678,0.156,23.247
0.505,0.514,0.10200000000000001,22.252
0.218,0.23600000000000002,0.025,20.937
0.0,0.0,0.0,19.691
0.0,0.0,0.0,19.085
0.0,0.0,0.0,18.736
0.0,0.0,0.0,18.482
0.0,0.0,0.0,18.243
0.0,0.0,0.0,18.02
0.0,0.0,0.0,17.896
0.0,0.0,0.0,17.798000000000002
0.0,0.0,0.0,17.692
0.0,0.0,0.0,17.716
0.08,0.07100000000000001,0.034,18.028
0.265,0.197,0.115,18.723
0.482,0.391,0.185,19.784
0.645,0.587,0.217,21.03
0.73,0.707,0.23,22.039
0.773,0.741,0.269,22.825
0.744,0.63,0.336,23.231
0.675,0.451,0.41000000000000003,23.302
0.498,0.17300000000000001,0.435,22.951
0.389,0.11,0.357,22.529
0.363,0.147,0.28800000000000003,22.261
0.513,0.432,0.193,22.068
0.27,0.209,0.112,21.494
0.146,0.153,0.027,20.618
0.0,0.0,0.0,19.673000000000002
0.0,0.0,0.0,19.145
0.0,0.0,0.0,18.78
0.0,0.0,0.0,18.54
0.0,0.0,0.0,18.329
0.0,0.0,0.0,18.148
0.0,0.0,0.0,18.015
0.0,0.0,0.0,17.944
0.0,0.0,0.0,17.938
0.0,0.0,0.0,17.872
0.057,0.046,0.033,17.969
0.242,0.163,0.122,18.524
0.309,0.152,0.212,19.247
0.378,0.147,0.301,20.194
0.633,0.458,0.33,21.234
0.6930000000000001,0.47800000000000004,0.401,21.888
0.644,0.323,0.483,21.973
0.591,0.23,0.501,21.832
0.642,0.364,0.439,21.908
0.432,0.129,0.39,21.391
0.213,0.03,0.225,20.469
0.112,0.016,0.125,19.732
0.044,0.01,0.055,19.135
0.006,0.005,0.011,18.536
0.0,0.0,0.0,18.207
0.0,0.0,0.0,18.075
0.0,0.0,0.0,17.999
0.0,0.0,0.0,17.942
0.0,0.0,0.0,17.914
0.0,0.0,0.0,17.961
0.0,0.0,0.0,18.017
0.0,0.0,0.0,18.063
0.0,0.0,0.0,18.092
0.0,0.0,0.0,18.185
0.012,0.006,0.019,18.357
0.07100000000000001,0.015,0.08,18.806
0.179,0.037,0.179,19.397
0.325,0.083,0.302,20.135
0.34700000000000003,0.057,0.356,21.033
0.339,0.028,0.375,21.794
0.432,0.054,0.466,22.537
0.387,0.038,0.428,22.943
0.248,0.013000000000000001,0.28600000000000003,22.895
0.171,0.008,0.202,22.676
0.125,0.007,0.15,22.407
0.075,0.006,0.095,22.018
0.03,0.004,0.044,21.46
0.004,0.003,0.01,20.742
0.0,0.0,0.0,20.057
0.0,0.0,0.0,19.629
0.0,0.0,0.0,19.376
0.0,0.0,0.0,19.168
0.0,0.0,0.0,18.953
0.0,0.0,0.0,18.799
0.0,0.0,0.0,18.676
0.0,0.0,0.0,18.61
0.0,0.0,0.0,18.576
0.0,0.0,0.0,18.552
0.012,0.005,0.02,18.644
0.061,0.009000000000000001,0.074,18.974
0.113,0.01,0.132,19.404
0.176,0.012,0.201,19.878
0.305,0.03,0.331,20.496
0.525,0.192,0.448,21.945
0.679,0.453,0.41400000000000003,23.568
0.549,0.20400000000000001,0.47700000000000004,24.214
0.5660000000000001,0.27,0.437,24.584
0.51,0.252,0.379,24.835
0.376,0.161,0.295,24.711
0.146,0.034,0.149,24.1
0.061,0.018000000000000002,0.067,23.234
0.02,0.018000000000000002,0.018000000000000002,22.232
0.0,0.0,0.0,21.327
0.0,0.0,0.0,20.757
0.0,0.0,0.0,20.327
0.0,0.0,0.0,19.983
0.0,0.0,0.0,19.589
0.0,0.0,0.0,19.091
0.0,0.0,0.0,18.625
0.0,0.0,0.0,18.256
0.0,0.0,0.0,17.978
0.0,0.0,0.0,17.753
0.161,0.152,0.042,17.861
0.466,0.441,0.114,19.163
0.63,0.619,0.166,21.546
0.713,0.717,0.20400000000000001,23.675
0.76,0.774,0.231,25.261
0.787,0.8310000000000001,0.227,26.576
0.797,0.847,0.23700000000000002,27.773
0.704,0.582,0.35100000000000003,28.443
0.662,0.512,0.357,28.794
0.649,0.545,0.305,28.917
0.712,0.742,0.20700000000000002,28.856
0.638,0.664,0.165,28.337
0.40700000000000003,0.39,0.113,27.539
0.097,0.10300000000000001,0.026000000000000002,25.729
0.0,0.0,0.0,23.514
0.0,0.0,0.0,22.376
0.0,0.0,0.0,21.583
0.0,0.0,0.0,20.883
0.0,0.0,0.0,20.293
0.0,0.0,0.0,19.934
0.0,0.0,0.0,19.69
0.0,0.0,0.0,19.408
0.0,0.0,0.0,19.165
0.0,0.0,0.0,18.929
0.073,0.061,0.037,18.911
0.268,0.193,0.123,19.446
0.419,0.292,0.20700000000000002,20.141
0.598,0.484,0.254,21.112
0.601,0.40700000000000003,0.339,22.067
0.655,0.404,0.423,22.602
0.505,0.126,0.49,22.415
0.541,0.167,0.497,22.219
0.562,0.23,0.461,22.054
0.507,0.219,0.397,21.779
0.398,0.166,0.31,21.241
0.323,0.167,0.215,20.484
0.19,0.114,0.114,19.69
0.064,0.061,0.026000000000000002,18.763
0.0,0.0,0.0,18.066
0.0,0.0,0.0,17.952
0.0,0.0,0.0,17.995
0.0,0.0,0.0,18.051
0.0,0.0,0.0,18.102
0.0,0.0,0.0,18.123
0.0,0.0,0.0,18.135
0.0,0.0,0.0,18.098
0.0,0.0,0.0,18.078
0.0,0.0,0.0,18.106
0.017,0.008,0.023,18.231
0.083,0.021,0.088,18.561
0.233,0.07100000000000001,0.20500000000000002,19.041
0.365,0.117,0.313,19.477
0.40900000000000003,0.1,0.388,20.319
0.315,0.021,0.352,20.704
0.307,0.016,0.34800000000000003,20.64
0.39,0.035,0.429,20.727
0.354,0.032,0.387,20.659
0.23,0.014,0.26,20.208
0.139,0.008,0.163,19.566
0.089,0.007,0.108,19.004
0.052000000000000005,0.009000000000000001,0.065,18.553
0.013000000000000001,0.009000000000000001,0.017,18.224
0.0,0.0,0.0,18.068
0.0,0.0,0.0,18.067
0.0,0.0,0.0,18.179
0.0,0.0,0.0,18.352
0.0,0.0,0.0,18.502
0.0,0.0,0.0,18.671
0.0,0.0,0.0,18.876
0.0,0.0,0.0,18.982
0.0,0.0,0.0,19.108
0.0,0.0,0.0,19.288
0.001,0.001,0.008,19.43
0.021,0.002,0.035,19.589
0.07200000000000001,0.004,0.092,19.8
0.107,0.004,0.132,20.071
0.146,0.005,0.17500000000000002,20.361
0.202,0.009000000000000001,0.234,20.683
0.45,0.079,0.462,21.387
0.55,0.176,0.499,22.032
0.447,0.098,0.439,21.814
0.213,0.016,0.23900000000000002,21.106
0.187,0.022,0.20400000000000001,20.808
0.20600000000000002,0.062,0.186,21.02
0.14100000000000001,0.069,0.106,21.047
0.043000000000000003,0.039,0.024,20.723
0.0,0.0,0.0,20.35
0.0,0.0,0.0,20.101
0.0,0.0,0.0,19.808
0.0,0.0,0.0,19.514
0.0,0.0,0.0,18.913
0.0,0.0,0.0,18.49
0.0,0.0,0.0,18.278
0.0,0.0,0.0,17.766
0.0,0.0,0.0,17.218
0.0,0.0,0.0,16.718
0.117,0.1,0.045,16.534
0.352,0.278,0.132,17.157
0.514,0.404,0.212,18.567
0.602,0.456,0.28400000000000003,20.385
0.628,0.41600000000000004,0.367,21.672
0.627,0.362,0.422,22.394
0.619,0.308,0.467,22.899
0.544,0.188,0.483,23.068
0.431,0.097,0.423,22.764
0.305,0.048,0.316,22.2
0.243,0.047,0.244,21.776
0.229,0.084,0.191,21.436
0.249,0.177,0.11900000000000001,20.86
0.163,0.166,0.032,19.807
0.0,0.0,0.0,18.707
0.0,0.0,0.0,18.054
0.0,0.0,0.0,17.749
0.0,0.0,0.0,17.576999999999998
0.0,0.0,0.0,17.434
0.0,0.0,0.0,17.22
0.0,0.0,0.0,17.065
0.0,0.0,0.0,16.913
0.0,0.0,0.0,16.71
0.0,0.0,0.0,16.549
0.126,0.11,0.044,16.62
0.392,0.333,0.126,17.253
0.595,0.538,0.184,18.279
0.6970000000000001,0.647,0.227,19.545
0.75,0.6990000000000001,0.261,20.686
0.776,0.731,0.277,21.776
0.794,0.761,0.28300000000000003,22.642
0.776,0.71,0.308,23.204
0.738,0.636,0.322,23.389
0.6950000000000001,0.588,0.301,23.217
0.611,0.499,0.265,22.719
0.501,0.40800000000000003,0.201,21.959
0.258,0.188,0.11900000000000001,20.873
0.063,0.06,0.026000000000000002,19.686
0.0,0.0,0.0,18.918
0.0,0.0,0.0,18.532
0.0,0.0,0.0,18.222
0.0,0.0,0.0,18.016
0.0,0.0,0.0,17.807
0.0,0.0,0.0,17.617
0.0,0.0,0.0,17.469
0.0,0.0,0.0,17.338
0.0,0.0,0.0,17.187
0.0,0.0,0.0,17.056
0.056,0.041,0.037,17.298
0.109,0.038,0.099,17.897
0.197,0.052000000000000005,0.183,18.345
0.549,0.378,0.28700000000000003,19.445
0.636,0.455,0.336,20.922
0.618,0.318,0.452,21.845
0.648,0.336,0.47800000000000004,22.338
0.545,0.169,0.501,22.446
0.606,0.301,0.454,22.449
0.5630000000000001,0.302,0.393,22.388
0.417,0.185,0.316,22.161
0.356,0.203,0.222,21.847
0.153,0.077,0.111,21.193
0.016,0.013000000000000001,0.017,20.243
0.0,0.0,0.0,19.451
0.0,0.0,0.0,18.921
0.0,0.0,0.0,18.425
0.0,0.0,0.0,18.028
0.0,0.0,0.0,17.622
0.0,0.0,0.0,17.414
0.0,0.0,0.0,17.163
0.0,0.0,0.0,16.753
0.0,0.0,0.0,16.467
0.0,0.0,0.0,16.338
0.067,0.049,0.041,16.616
0.11,0.035,0.10300000000000001,17.341
0.107,0.011,0.123,17.74
0.21,0.024,0.225,17.959
0.436,0.11800000000000001,0.398,18.47
0.676,0.461,0.381,19.341
0.741,0.585,0.357,20.02
0.754,0.623,0.343,20.52
0.744,0.629,0.324,20.748
0.667,0.513,0.322,20.641
0.499,0.305,0.295,20.245
0.37,0.227,0.211,19.712
0.224,0.149,0.117,19.162
0.157,0.158,0.033,18.58
0.0,0.0,0.0,17.91
0.0,0.0,0.0,17.38
0.0,0.0,0.0,16.919
0.0,0.0,0.0,16.763
0.0,0.0,0.0,16.677
0.0,0.0,0.0,16.614
0.0,0.0,0.0,16.522
0.0,0.0,0.0,16.454
0.0,0.0,0.0,16.514
0.0,0.0,0.0,16.705
0.07200000000000001,0.055,0.04,16.968
0.246,0.161,0.128,17.754
0.438,0.305,0.214,18.625
0.5750000000000001,0.423,0.277,19.507
0.723,0.644,0.274,20.485
0.762,0.723,0.261,21.416
0.778,0.746,0.268,22.191
0.772,0.729,0.279,22.678
0.765,0.733,0.266,23.003
0.709,0.644,0.267,23.09
0.75,0.783,0.191,22.861
0.674,0.6950000000000001,0.158,22.239
0.492,0.485,0.11,21.325
0.302,0.325,0.032,20.216
0.0,0.0,0.0,19.243
0.0,0.0,0.0,18.747
0.0,0.0,0.0,18.328
0.0,0.0,0.0,18.031
0.0,0.0,0.0,17.772
0.0,0.0,0.0,17.502
0.0,0.0,0.0,17.253
0.0,0.0,0.0,17.094
0.0,0.0,0.0,16.977
0.0,0.001,0.0,16.85
0.22,0.214,0.045,17.027
0.516,0.51,0.107,18.312
0.666,0.682,0.149,20.267
0.742,0.781,0.177,22.363
0.782,0.84,0.194,24.173
0.801,0.875,0.203,25.688
0.808,0.888,0.21,26.996
0.806,0.887,0.214,27.924
0.796,0.873,0.214,28.402
0.773,0.843,0.20700000000000002,28.563
0.731,0.788,0.189,28.381
0.654,0.6940000000000001,0.157,27.849
0.507,0.526,0.108,27.035
0.24,0.261,0.032,25.989
0.0,0.0,0.0,25.301
0.0,0.0,0.0,24.443
0.0,0.0,0.0,23.673000000000002
0.0,0.0,0.0,23.291
0.0,0.0,0.0,23.135
0.0,0.0,0.0,22.954
0.0,0.0,0.0,22.485
0.0,0.0,0.0,21.494
0.0,0.0,0.0,20.738
0.0,0.001,0.0,19.998
0.183,0.17500000000000002,0.045,19.561
0.481,0.466,0.11,20.032
0.649,0.656,0.153,20.619
0.735,0.757,0.182,21.204
0.781,0.8160000000000001,0.201,21.825
0.8130000000000001,0.865,0.209,22.402
0.8230000000000001,0.876,0.217,22.8
0.8220000000000001,0.869,0.223,23.032
0.811,0.852,0.224,23.101
0.786,0.8170000000000001,0.216,22.992
0.735,0.749,0.199,22.641
0.641,0.636,0.166,22.036
0.47100000000000003,0.454,0.113,21.237
0.186,0.186,0.038,20.277
0.0,0.0,0.0,19.413
0.0,0.0,0.0,18.868
0.0,0.0,0.0,18.486
0.0,0.0,0.0,18.35
0.0,0.0,0.0,18.201
0.0,0.0,0.0,18.08
0.0,0.0,0.0,17.836
0.0,0.0,0.0,17.579
0.0,0.0,0.0,17.36
0.0,0.001,0.001,17.239
0.151,0.137,0.045,17.665
0.37,0.314,0.122,19.082
0.542,0.47600000000000003,0.184,20.665
0.715,0.722,0.193,22.352
0.739,0.731,0.231,23.817
0.665,0.462,0.39,24.771
0.5740000000000001,0.23800000000000002,0.481,24.982
0.717,0.558,0.379,25.418
0.767,0.727,0.293,25.78
0.604,0.40700000000000003,0.358,25.447
0.465,0.264,0.306,24.67
0.281,0.13,0.20800000000000002,23.854
0.09,0.031,0.08700000000000001,22.968
0.015,0.011,0.018000000000000002,21.929
0.0,0.0,0.0,21.249
0.0,0.0,0.0,21.069
0.0,0.0,0.0,21.057
0.0,0.0,0.0,20.991
0.0,0.0,0.0,20.631
0.0,0.0,0.0,20.236
0.0,0.0,0.0,20.014
0.0,0.0,0.0,19.842
0.0,0.0,0.0,19.717
0.0,0.001,0.0,19.803
0.089,0.07200000000000001,0.044,20.04
0.34500000000000003,0.279,0.132,21.02
0.541,0.467,0.198,22.734
0.614,0.513,0.263,24.583
0.615,0.437,0.34900000000000003,26.515
0.535,0.226,0.449,27.639
0.584,0.275,0.47200000000000003,28.009
0.625,0.358,0.45,28.013
0.605,0.356,0.422,27.71
0.395,0.114,0.371,26.845
0.42,0.209,0.306,26.1
0.432,0.316,0.213,25.503
0.231,0.159,0.122,24.768
0.042,0.035,0.029,23.943
0.0,0.0,0.0,23.337
0.0,0.0,0.0,23.106
0.0,0.0,0.0,23.065
0.0,0.0,0.0,23.045
0.0,0.0,0.0,22.99
0.0,0.0,0.0,22.939
0.0,0.0,0.0,23.282
0.0,0.0,0.0,23.15
0.0,0.0,0.0,22.817
0.0,0.001,0.001,22.44
0.139,0.126,0.048,22.383
0.41000000000000003,0.368,0.127,23.152
0.589,0.556,0.183,24.446
0.686,0.672,0.221,26.474
0.734,0.736,0.248,28.808
0.752,0.752,0.277,30.915
0.756,0.754,0.294,32.719
0.752,0.747,0.30000000000000004,33.464
0.731,0.711,0.30000000000000004,33.833
0.707,0.6990000000000001,0.273,34.173
0.638,0.612,0.247,33.981
0.49,0.417,0.20600000000000002,30.671
0.10200000000000001,0.04,0.095,26.747
0.019,0.014,0.021,24.044
0.0,0.0,0.0,22.158
0.0,0.0,0.0,20.989
0.0,0.0,0.0,20.053
0.0,0.0,0.0,19.216
0.0,0.0,0.0,18.642
0.0,0.0,0.0,18.316
0.0,0.0,0.0,18.186
0.0,0.0,0.0,18.195
0.0,0.0,0.0,18.224
0.0,0.0,0.0,18.27
0.028,0.016,0.03,18.427
0.129,0.05,0.11,18.919
0.248,0.08600000000000001,0.20800000000000002,19.584
0.361,0.121,0.307,20.519
0.47500000000000003,0.179,0.396,21.621
0.558,0.23700000000000002,0.453,22.672
0.595,0.263,0.47900000000000004,23.423
0.672,0.429,0.431,24.023
0.637,0.393,0.41500000000000004,24.324
0.546,0.295,0.382,24.17
0.45,0.23900000000000002,0.309,23.799
0.343,0.194,0.218,23.253
0.198,0.121,0.12,22.586
0.054,0.045,0.032,21.822
0.0,0.004,0.0,21.159
0.0,0.0,0.0,20.743
0.0,0.0,0.0,20.422
0.0,0.0,0.0,20.209
0.0,0.0,0.0,20.022
0.0,0.0,0.0,19.955
0.0,0.0,0.0,20.082
0.0,0.0,0.0,19.91
0.0,0.0,0.0,19.649
0.0,0.002,0.001,19.376
0.126,0.109,0.048,19.612
0.317,0.243,0.134,21.056
0.405,0.262,0.224,22.258
0.494,0.296,0.309,23.392
0.598,0.387,0.365,24.503
0.626,0.364,0.432,25.024
0.587,0.249,0.49,25.004
0.536,0.17300000000000001,0.492,24.441
0.504,0.162,0.457,23.906
0.589,0.36,0.377,23.805
0.613,0.494,0.277,23.701
0.46900000000000003,0.355,0.216,23.342
0.152,0.076,0.113,22.706
0.028,0.02,0.026000000000000002,21.939
0.0,0.0,0.0,21.206
0.0,0.0,0.0,20.799
0.0,0.0,0.0,20.548000000000002
0.0,0.0,0.0,20.326
0.0,0.0,0.0,20.128
0.0,0.0,0.0,20.001
0.0,0.0,0.0,19.915
0.0,0.0,0.0,19.845
0.0,0.0,0.0,19.748
0.0,0.001,0.001,19.608
0.1,0.081,0.047,19.691
0.20800000000000002,0.11800000000000001,0.131,20.567
0.307,0.14,0.225,21.532
0.369,0.129,0.314,22.576999999999998
0.441,0.138,0.396,23.302
0.527,0.191,0.461,23.997
0.592,0.258,0.486,24.609
0.583,0.246,0.487,24.927
0.517,0.184,0.457,24.906
0.40800000000000003,0.115,0.381,24.617
0.28800000000000003,0.07,0.277,24.174
0.179,0.045,0.17500000000000002,23.624
0.088,0.028,0.088,22.993
0.026000000000000002,0.018000000000000002,0.025,22.233
0.0,0.0,0.0,21.502
0.0,0.0,0.0,21.075
0.0,0.0,0.0,20.778
0.0,0.0,0.0,20.475
0.0,0.0,0.0,20.149
0.0,0.0,0.0,19.808
0.0,0.0,0.0,19.507
0.0,0.0,0.0,19.302
0.0,0.0,0.0,19.148
0.0,0.002,0.001,19.068
0.153,0.136,0.05,19.439
0.439,0.397,0.129,20.789
0.608,0.5720000000000001,0.186,22.521
0.6990000000000001,0.67,0.229,23.921
0.749,0.728,0.259,25.28
0.78,0.809,0.23800000000000002,26.604
0.786,0.8180000000000001,0.248,27.786
0.785,0.8190000000000001,0.25,28.52
0.77,0.797,0.249,28.786
0.707,0.677,0.263,28.696
0.545,0.418,0.273,28.211
0.319,0.182,0.20800000000000002,27.283
0.254,0.189,0.122,26.144
0.108,0.10200000000000001,0.038,24.764
0.0,0.001,0.0,23.603
0.0,0.0,0.0,22.964
0.0,0.0,0.0,22.625
0.0,0.0,0.0,22.753
0.0,0.0,0.0,22.804
0.0,0.0,0.0,22.768
0.0,0.0,0.0,22.345
0.0,0.0,0.0,21.797
0.0,0.0,0.0,21.36
0.0,0.002,0.001,21.093
0.17400000000000002,0.163,0.049,21.24
0.464,0.444,0.11800000000000001,22.311
0.627,0.628,0.166,24.267
0.714,0.742,0.196,26.353
0.756,0.801,0.216,28.141
0.78,0.851,0.217,29.483
0.79,0.869,0.221,30.279
0.792,0.874,0.222,30.509
0.784,0.862,0.219,30.35
0.763,0.8310000000000001,0.211,30.05
0.723,0.78,0.191,29.648
0.652,0.6970000000000001,0.158,28.999
0.52,0.546,0.109,28.015
0.262,0.277,0.043000000000000003,26.632
0.0,0.001,0.0,24.794
0.0,0.0,0.0,22.95
0.0,0.0,0.0,21.437
0.0,0.0,0.0,20.158
0.0,0.0,0.0,19.397
0.0,0.0,0.0,18.884
0.0,0.0,0.0,18.618
0.0,0.0,0.0,18.493
0.0,0.0,0.0,18.392
0.0,0.001,0.001,18.271
0.101,0.085,0.044,18.619
0.293,0.218,0.127,19.676
0.615,0.593,0.169,21.005
0.707,0.7020000000000001,0.202,22.445
0.748,0.746,0.23,23.687
0.783,0.809,0.231,24.891
0.729,0.644,0.314,25.75
0.801,0.856,0.227,26.594
0.802,0.873,0.214,26.944
0.782,0.848,0.20400000000000001,26.797
0.744,0.8,0.186,26.428
0.669,0.709,0.155,25.931
0.528,0.548,0.109,25.163
0.255,0.264,0.043000000000000003,23.96
0.0,0.001,0.0,22.663
0.0,0.0,0.0,21.944
0.0,0.0,0.0,21.261
0.0,0.0,0.0,20.707
0.0,0.0,0.0,20.244
0.0,0.0,0.0,19.921
0.0,0.0,0.0,19.737
0.0,0.0,0.0,19.469
0.0,0.0,0.0,19.051
0.0,0.003,0.001,18.704
0.165,0.152,0.048,18.76
0.404,0.357,0.122,19.885
0.601,0.5740000000000001,0.17200000000000001,21.912
0.683,0.664,0.211,23.666
0.805,0.897,0.181,24.907
0.8200000000000001,0.902,0.21,25.905
0.8280000000000001,0.917,0.215,26.852
0.8260000000000001,0.919,0.216,27.706
0.8140000000000001,0.901,0.216,28.144
0.745,0.753,0.245,27.988
0.331,0.115,0.29,26.968
0.138,0.028,0.147,25.389
0.062,0.016,0.07,23.557
0.083,0.073,0.038,21.913
0.0,0.001,0.0,20.261
0.0,0.0,0.0,19.252
0.0,0.0,0.0,18.674
0.0,0.0,0.0,18.341
0.0,0.0,0.0,18.058
0.0,0.0,0.0,17.767
0.0,0.0,0.0,17.486
0.0,0.0,0.0,17.376
0.0,0.0,0.0,17.314
0.0,0.002,0.001,17.229
0.157,0.14,0.049,17.671
0.399,0.34400000000000003,0.128,19.231
0.5730000000000001,0.512,0.189,20.67
0.663,0.597,0.23800000000000002,21.946
0.6970000000000001,0.602,0.29,22.999
0.641,0.41300000000000003,0.397,23.655
0.641,0.376,0.436,24.07
0.578,0.255,0.467,24.099
0.561,0.262,0.435,23.912
0.515,0.254,0.378,23.521
0.521,0.34900000000000003,0.291,23.153
0.418,0.29,0.213,22.635
0.365,0.311,0.125,21.996
0.198,0.194,0.044,21.229
0.0,0.001,0.0,20.482
0.0,0.0,0.0,20.018
0.0,0.0,0.0,19.605
0.0,0.0,0.0,19.285
0.0,0.0,0.0,19.218
0.0,0.0,0.0,19.195
0.0,0.0,0.0,18.961
0.0,0.0,0.0,18.545
0.0,0.0,0.0,18.166
0.0,0.003,0.001,17.954
0.211,0.2,0.051000000000000004,18.302
0.47700000000000004,0.451,0.121,20.216
0.663,0.671,0.164,21.95
0.741,0.765,0.197,23.244
0.78,0.8130000000000001,0.22,24.576999999999998
0.789,0.8160000000000001,0.243,25.962
0.8,0.838,0.247,27.203
0.787,0.808,0.261,28.102
0.72,0.648,0.312,28.498
0.676,0.593,0.295,28.332
0.712,0.734,0.209,27.765
0.638,0.652,0.17,26.951
0.48,0.47700000000000004,0.11800000000000001,25.915
0.209,0.211,0.045,24.454
0.0,0.001,0.0,22.877
0.0,0.0,0.0,21.912
0.0,0.0,0.0,21.484
0.0,0.0,0.0,21.301
0.0,0.0,0.0,21.258
0.0,0.0,0.0,21.196
0.0,0.0,0.0,21.099
0.0,0.0,0.0,20.963
0.0,0.0,0.0,20.794
0.0,0.001,0.001,20.586
0.032,0.02,0.031,20.688
0.127,0.052000000000000005,0.107,21.368
0.34600000000000003,0.196,0.219,22.805
0.47600000000000003,0.28400000000000003,0.302,25.152
0.542,0.313,0.371,27.427
0.586,0.255,0.501,29.428
0.5710000000000001,0.199,0.541,30.937
0.5640000000000001,0.194,0.541,31.71
0.517,0.165,0.502,31.85
0.40700000000000003,0.1,0.41400000000000003,31.832
0.23700000000000002,0.034,0.264,31.908
0.117,0.013000000000000001,0.139,29.084
0.041,0.006,0.057,25.275
0.003,0.002,0.01,22.329
0.0,0.0,0.0,20.618
0.0,0.0,0.0,19.959
0.0,0.0,0.0,19.59
0.0,0.0,0.0,19.178
0.0,0.0,0.0,18.611
0.0,0.0,0.0,18.08
0.0,0.0,0.0,17.646
0.0,0.0,0.0,17.372
0.0,0.0,0.0,16.928
0.0,0.0,0.0,16.52
0.003,0.001,0.011,16.143
0.022,0.002,0.035,15.904
0.046,0.002,0.064,15.817
0.096,0.004,0.11800000000000001,15.963
0.161,0.006,0.187,16.326
0.181,0.005,0.21,16.734
0.166,0.004,0.194,16.858
0.183,0.005,0.212,16.855
0.21,0.007,0.24,17.116
0.20500000000000002,0.01,0.233,17.405
0.137,0.007,0.16,17.427
0.091,0.007,0.11,17.283
0.038,0.004,0.052000000000000005,17.028
0.008,0.003,0.016,16.65
0.0,0.0,0.0,16.356
0.0,0.0,0.0,16.295
0.0,0.0,0.0,16.307
0.0,0.0,0.0,16.429
0.0,0.0,0.0,16.649
0.0,0.0,0.0,16.83
0.0,0.0,0.0,16.976
0.0,0.0,0.0,17.116
0.0,0.0,0.0,17.241
0.0,0.0,0.001,17.39
0.036000000000000004,0.018000000000000002,0.036000000000000004,17.508
0.156,0.059000000000000004,0.129,17.808
0.29,0.1,0.23900000000000002,18.254
0.322,0.065,0.313,18.683
0.376,0.057,0.386,18.834
0.357,0.042,0.377,18.775
0.353,0.034,0.381,18.717
0.296,0.02,0.327,18.586
0.326,0.032,0.35000000000000003,18.683
0.309,0.041,0.322,18.845
0.298,0.067,0.28300000000000003,18.948
0.23900000000000002,0.078,0.20500000000000002,18.874
0.17500000000000002,0.089,0.122,18.566
0.041,0.028,0.032,18.083
0.0,0.0,0.0,17.72
0.0,0.0,0.0,17.585
0.0,0.0,0.0,17.473
0.0,0.0,0.0,17.354
0.0,0.0,0.0,17.172
0.0,0.0,0.0,16.93
0.0,0.0,0.0,16.566
0.0,0.0,0.0,16.115
0.0,0.0,0.0,15.676
0.0,0.003,0.001,15.328
0.211,0.193,0.053,15.277
0.515,0.48,0.127,15.956
0.673,0.644,0.181,16.924
0.759,0.739,0.22,17.956
0.8140000000000001,0.81,0.241,18.873
0.841,0.892,0.209,19.643
0.849,0.905,0.213,20.232
0.846,0.902,0.216,20.633
0.835,0.887,0.214,20.827
0.807,0.842,0.21,20.753
0.753,0.768,0.195,20.457
0.663,0.66,0.164,19.94
0.522,0.514,0.113,19.27
0.166,0.157,0.043000000000000003,18.496
0.0,0.001,0.0,17.751
0.0,0.0,0.0,17.334
0.0,0.0,0.0,17.054
0.0,0.0,0.0,17.061
0.0,0.0,0.0,16.96
0.0,0.0,0.0,16.662
0.0,0.0,0.0,16.398
0.0,0.0,0.0,16.182
0.0,0.0,0.0,15.985
0.0,0.002,0.001,15.845
0.117,0.099,0.046,16.079
0.253,0.168,0.127,16.638
0.34500000000000003,0.187,0.215,17.073
0.465,0.251,0.299,17.874
0.661,0.504,0.315,19.191
0.782,0.6970000000000001,0.313,20.572
0.754,0.597,0.375,21.659
0.785,0.6930000000000001,0.334,22.399
0.726,0.5710000000000001,0.364,22.677
0.609,0.384,0.375,22.483
0.555,0.38,0.302,22.024
0.421,0.279,0.226,21.304
0.161,0.077,0.11800000000000001,20.29
0.028,0.018000000000000002,0.028,19.26
0.0,0.0,0.0,18.545
0.0,0.0,0.0,18.154
0.0,0.0,0.0,17.933
0.0,0.0,0.0,17.748
0.0,0.0,0.0,17.626
0.0,0.0,0.0,17.562
0.0,0.0,0.0,17.638
0.0,0.0,0.0,17.72
0.0,0.0,0.0,17.723
0.0,0.0,0.0,17.761
0.016,0.008,0.023,17.908
0.07,0.015,0.078,18.256
0.154,0.027,0.161,18.7
0.28200000000000003,0.057,0.276,19.1
0.458,0.146,0.401,19.681
0.663,0.41600000000000004,0.41300000000000003,20.931
0.737,0.5650000000000001,0.382,21.821
0.716,0.511,0.404,21.952
0.644,0.382,0.424,21.72
0.394,0.096,0.374,21.112
0.325,0.092,0.294,20.407
0.259,0.098,0.209,19.891
0.13,0.054,0.108,19.226
0.055,0.041,0.036000000000000004,18.45
0.0,0.0,0.0,17.994
0.0,0.0,0.0,17.916
0.0,0.0,0.0,17.864
0.0,0.0,0.0,17.793
0.0,0.0,0.0,17.696
0.0,0.0,0.0,17.633
0.0,0.0,0.0,17.612
0.0,0.0,0.0,17.686
0.0,0.0,0.0,17.787
0.0,0.001,0.001,17.843
0.106,0.08600000000000001,0.047,18.059
0.341,0.264,0.136,18.655
0.47400000000000003,0.34500000000000003,0.22,19.397
0.606,0.463,0.28300000000000003,20.359
0.548,0.277,0.393,21.129
0.638,0.343,0.454,21.762
0.587,0.215,0.511,22.061
0.559,0.177,0.511,22.099
0.54,0.185,0.47700000000000004,22.021
0.437,0.123,0.402,21.753
0.318,0.079,0.299,21.426
0.121,0.016,0.137,20.937
0.044,0.007,0.057,20.526
0.008,0.004,0.015,20.313
0.0,0.0,0.0,20.273
0.0,0.0,0.0,20.225
0.0,0.0,0.0,20.244
0.0,0.0,0.0,20.24
0.0,0.0,0.0,20.255
0.0,0.0,0.0,20.389
0.0,0.0,0.0,20.602
0.0,0.0,0.0,20.893
0.0,0.0,0.0,21.018
0.0,0.0,0.001,20.95
0.038,0.023,0.035,20.971
0.165,0.076,0.125,21.212
0.34900000000000003,0.181,0.23500000000000001,21.579
0.538,0.341,0.319,22.28
0.622,0.397,0.383,23.032
0.67,0.455,0.398,23.583
0.665,0.405,0.443,23.918
0.53,0.166,0.488,23.687
0.484,0.14100000000000001,0.45,23.498
0.425,0.129,0.386,23.513
0.396,0.166,0.313,23.618
0.34900000000000003,0.197,0.223,23.712
0.281,0.20700000000000002,0.131,23.538
0.088,0.075,0.041,22.957
0.0,0.0,0.0,22.244
0.0,0.0,0.0,21.93
0.0,0.0,0.0,21.722
0.0,0.0,0.0,21.508
0.0,0.0,0.0,21.244
0.0,0.0,0.0,21.327
0.0,0.0,0.0,21.037
0.0,0.0,0.0,20.572
0.0,0.0,0.0,20.351
0.0,0.002,0.001,20.158
0.10400000000000001,0.08600000000000001,0.046,20.136
0.233,0.147,0.132,20.697
0.456,0.327,0.221,21.153
0.622,0.503,0.273,22.038
0.68,0.544,0.322,23.238
0.6930000000000001,0.51,0.379,23.728
0.63,0.328,0.468,23.82
0.44,0.082,0.451,23.418
0.47900000000000004,0.135,0.449,23.281
0.535,0.269,0.391,23.305
0.312,0.085,0.289,22.818
0.198,0.054,0.186,22.305
0.15,0.07100000000000001,0.114,21.852
0.064,0.051000000000000004,0.038,21.147
0.0,0.0,0.0,20.167
0.0,0.0,0.0,19.566
0.0,0.0,0.0,19.148
0.0,0.0,0.0,18.583
0.0,0.0,0.0,18.157
0.0,0.0,0.0,17.865
0.0,0.0,0.0,17.66
0.0,0.0,0.0,17.445
0.0,0.0,0.0,17.193
0.0,0.003,0.001,17.03
0.222,0.21,0.052000000000000005,17.337
0.447,0.398,0.13,18.308
0.516,0.41000000000000003,0.212,19.913
0.646,0.547,0.263,21.874
0.758,0.728,0.262,23.539
0.77,0.736,0.28,24.475
0.768,0.711,0.306,25.089
0.713,0.56,0.37,25.474
0.706,0.58,0.341,25.788
0.553,0.322,0.371,25.693
0.622,0.535,0.256,25.239
0.607,0.586,0.179,24.475
0.432,0.402,0.122,23.501
0.177,0.171,0.045,22.213
0.0,0.001,0.0,21.071
0.0,0.0,0.0,20.499
0.0,0.0,0.0,20.263
0.0,0.0,0.0,20.121
0.0,0.0,0.0,19.918
0.0,0.0,0.0,19.763
0.0,0.0,0.0,19.656
0.0,0.0,0.0,19.536
0.0,0.0,0.0,19.332
0.0,0.002,0.001,19.139
0.092,0.076,0.043000000000000003,19.356
0.253,0.171,0.13,20.168
0.267,0.11,0.20800000000000002,20.898
0.37,0.139,0.302,21.596
0.61,0.40900000000000003,0.352,22.55
0.55,0.214,0.465,23.103
0.541,0.17,0.497,23.348
0.506,0.13,0.489,23.221
0.673,0.449,0.40800000000000003,23.458
0.594,0.362,0.38,23.568
0.213,0.029,0.229,22.964
0.063,0.005,0.082,22.116
0.03,0.004,0.044,21.549
0.026000000000000002,0.016,0.027,21.216
0.0,0.0,0.0,20.898
0.0,0.0,0.0,20.516
0.0,0.0,0.0,20.07
0.0,0.0,0.0,19.698
0.0,0.0,0.0,19.347
0.0,0.0,0.0,18.797
0.0,0.0,0.0,18.284
0.0,0.0,0.0,17.864
0.0,0.0,0.0,17.495
0.0,0.002,0.001,17.202
0.155,0.137,0.05,17.345
0.357,0.28200000000000003,0.137,18.258
0.618,0.5630000000000001,0.195,19.379
0.719,0.673,0.23800000000000002,20.47
0.752,0.686,0.28300000000000003,21.547
0.74,0.631,0.325,22.407
0.743,0.612,0.352,23.091
0.772,0.6990000000000001,0.314,23.486
0.812,0.836,0.243,23.488
0.785,0.8,0.231,22.966
0.735,0.735,0.209,22.096
0.495,0.39,0.20700000000000002,20.809
0.20800000000000002,0.125,0.123,19.568
0.062,0.048,0.036000000000000004,18.55
0.0,0.0,0.0,17.853
0.0,0.0,0.0,17.664
0.0,0.0,0.0,17.499
0.0,0.0,0.0,17.328
0.0,0.0,0.0,17.167
0.0,0.0,0.0,17.065
0.0,0.0,0.0,16.898
0.0,0.0,0.0,16.734
0.0,0.0,0.0,16.664
0.0,0.001,0.0,16.638
0.059000000000000004,0.043000000000000003,0.037,16.8
0.203,0.115,0.124,17.157
0.369,0.211,0.221,17.838
0.47700000000000004,0.259,0.308,18.629
0.445,0.145,0.384,18.963
0.467,0.114,0.442,19.258
0.486,0.109,0.47200000000000003,19.557
0.46,0.09,0.46,19.666
0.41000000000000003,0.073,0.41300000000000003,19.623
0.399,0.098,0.375,19.604
0.352,0.113,0.303,19.528
0.371,0.215,0.224,19.45
0.291,0.212,0.131,19.233
0.116,0.10200000000000001,0.043000000000000003,18.73
0.0,0.0,0.0,17.874
0.0,0.0,0.0,17.363
0.0,0.0,0.0,17.139
0.0,0.0,0.0,17.055
0.0,0.0,0.0,17.048
0.0,0.0,0.0,17.087
0.0,0.0,0.0,16.931
0.0,0.0,0.0,16.788
0.0,0.0,0.0,16.814
0.0,0.002,0.001,16.931
0.171,0.155,0.049,17.409
0.435,0.385,0.13,19.052
0.617,0.5710000000000001,0.19,20.405
0.7000000000000001,0.65,0.23900000000000002,21.7
0.735,0.663,0.28600000000000003,22.561
